,0
0,0.03245322062419011
1,0.0324829501983447
2,0.03202434961612408
3,0.03152598860936287
4,0.03132597972185184
5,0.0311048075174674
6,0.03098520896373651
7,0.031076567753767357
8,0.03092730503815871
9,0.03074307518127637
10,0.03062601089477539
11,0.030405881924506946
12,0.0299092907171983
13,0.02971710532139509
14,0.0294694124123989
15,0.02926043715232458
16,0.028978930986844575
17,0.02882206271856259
18,0.028555833834868212
19,0.028548842057203636
20,0.02838436456827017
21,0.028279448472536526
22,0.028089296664947118
23,0.027886840319022155
24,0.02776098969655159
25,0.02759026273702964
26,0.027499127235168067
27,0.027341437186950292
28,0.02725870655133174
29,0.02721543938685686
30,0.027141994696397047
31,0.027074359166316498
32,0.027010000516206792
33,0.026904765306374964
34,0.026801244570658758
35,0.026699127906408066
36,0.026686728917635405
37,0.026677675124926446
38,0.026729078934742856
39,0.026650779522382297
40,0.026577298457805928
41,0.026527791298352754
42,0.0263832138134883
43,0.026396945195320324
44,0.02643577318925124
45,0.026372630779559796
46,0.026310542913583607
47,0.0262494852909675
48,0.026189236916028535
49,0.026213362583747277
50,0.026153785601640358
51,0.02612172395755083
52,0.02603959487034724
53,0.026008755427140456
54,0.025928849746019413
55,0.025968953737845787
56,0.025914870928495357
57,0.02592314451168745
58,0.02588658332824707
59,0.025892360393817607
60,0.025867045995516653
61,0.025825755565594403
62,0.025785246720680825
63,0.025754711719659658
64,0.025782403426292615
65,0.02573748230934143
66,0.025721986171526788
67,0.02575026506032699
68,0.025717344498023008
69,0.025685081573633046
70,0.02565351984439752
71,0.025630218860430595
72,0.025621465841929116
73,0.025608912645242152
74,0.025596457261305588
75,0.025629101808254534
76,0.025619240601857503
77,0.025588364478869315
78,0.025566539550438905
79,0.02554508906144362
80,0.025524067114561032
81,0.02551123729118934
82,0.025548000519092267
83,0.025530210977945573
84,0.02551261263015943
85,0.025535512123352443
86,0.02548031088633415
87,0.025513704464985774
88,0.025499084821114175
89,0.02549171738135509
90,0.025477409057128125
91,0.025502400673352753
92,0.025451818796304555
93,0.025477392398394073
94,0.02546400534800994
95,0.025452571037488107
96,0.025478286468065704
97,0.025431679762326753
98,0.025420098427014474
99,0.025446405624731994
100,0.025401597756605884
101,0.025425846454424736
102,0.025382931721516143
103,0.02540625104537377
104,0.02536505735837496
105,0.025387627192032643
106,0.02534801272245554
107,0.02537001508932847
108,0.025331653845615875
109,0.025353119465020987
110,0.025315648623001882
111,0.025340067881804245
112,0.025332945585250854
113,0.025325936996019805
114,0.02531910187158829
115,0.025284962776379708
116,0.025306240564737563
117,0.025299848195834036
118,0.025293614925482336
119,0.025287482524529482
120,0.025281566839951735
121,0.025275680804863955
122,0.025270010569156745
123,0.025264520522875665
124,0.0252590645582248
125,0.02526575999382215
126,0.02524851163228353
127,0.025255373349556555
128,0.025250223661080384
129,0.025250154733657836
130,0.025240525832543007
131,0.025235671874804376
132,0.025246042013168334
133,0.025241155502123712
134,0.025236283204494378
135,0.025231561599633634
136,0.025226999398989557
137,0.0252224359756861
138,0.02521805350597088
139,0.025213790856874908
140,0.02521263498526353
141,0.02520852302893614
142,0.02520430286725362
143,0.025200411600944325
144,0.02519669058995369
145,0.025211219145701482
146,0.025207975736031167
147,0.025204851841315244
148,0.025201646792582976
149,0.025198578987366115
