,0
0,0.035681560711982925
1,0.038043464299960014
2,0.03783126672108968
3,0.03775927516130301
4,0.03734722901613284
5,0.03744124036568862
6,0.03703943918912839
7,0.03679839311501919
8,0.036737090349197386
9,0.03651276567043402
10,0.036250549096327564
11,0.03596114669090662
12,0.03590717422656524
13,0.03594373036653568
14,0.03560267106080667
15,0.035404003277803076
16,0.034924913064027445
17,0.03460554465269431
18,0.03429093360900879
19,0.034104735270524635
20,0.03380703406456189
21,0.0335843148903969
22,0.033305583244714984
23,0.03315459948319655
24,0.032885776727627485
25,0.03261312750669626
26,0.03246890245339809
27,0.03219083043245169
28,0.031959936863336806
29,0.03193696141242981
30,0.03163652893824455
31,0.03152173604720678
32,0.031396270868105765
33,0.031111507232372576
34,0.031110339134167404
35,0.030923869823798154
36,0.030833144524158574
37,0.03070958394270677
38,0.030666903196237025
39,0.030530757628954373
40,0.030537504721910524
41,0.030434374167368963
42,0.03028093010951311
43,0.0301999521561158
44,0.030040244414256168
45,0.02996588593874222
46,0.029834231505027183
47,0.02970452247521816
48,0.029523302347232133
49,0.02945362558731666
50,0.029333645411026784
51,0.02922080174470559
52,0.02911060284345578
53,0.029002989866794684
54,0.028897553376662426
55,0.02879443000524472
56,0.02877283845192347
57,0.028683765270771124
58,0.028597102409754042
59,0.028512742274846785
60,0.02847148256424146
61,0.028393197976625883
62,0.02830404287729508
63,0.028243858233476297
64,0.028200483322143553
65,0.028130986445989364
66,0.028090906754518166
67,0.028028690356474657
68,0.027967970799177122
69,0.02791492908428877
70,0.027852087907302075
71,0.027817915036128116
72,0.02775855691005022
73,0.02773212637656774
74,0.027683219084372886
75,0.027683305587524024
76,0.02765352649566455
77,0.02761131035975921
78,0.02756949342214144
79,0.027575102372047227
80,0.027553322529181457
81,0.027521827129217295
82,0.027500700339292868
83,0.02746571577512301
84,0.027431359046544784
85,0.02741625095025087
86,0.02738444224382058
87,0.027353325715431802
88,0.02732276351023943
89,0.02729339614892617
90,0.02726521278039003
91,0.02723660591321114
92,0.027209977767406367
93,0.027182848025590945
94,0.02716969419748355
95,0.027145529557497074
96,0.027121894176189716
97,0.027098877766193488
98,0.02707629891542288
99,0.027065797646840414
100,0.027044308338409814
101,0.02702322755104456
102,0.027002462362631773
103,0.02698211914453751
104,0.026962208900696193
105,0.026950203302579048
106,0.026931490959265295
107,0.026906835574370163
108,0.026918436472232524
109,0.026902690147742245
110,0.026887202874208108
111,0.026872101349708362
112,0.02685733559804085
113,0.026842899505908673
114,0.026828839534368272
115,0.026814985733765822
116,0.02680145379824516
117,0.026788252897751635
118,0.026775252360564012
119,0.026762668444560125
120,0.02675020511333759
121,0.026744119020608755
122,0.02673334357066032
123,0.0267215996216505
124,0.0267101050951542
125,0.026698384071007754
126,0.026687424457990206
127,0.026676665972440672
128,0.026666133220379168
129,0.026655787229537965
130,0.02664564465865111
131,0.026635693739622067
132,0.026625934013953575
133,0.026616405218075484
134,0.026607051568153576
135,0.026597787936528523
136,0.026589492956797283
137,0.026586560408274333
138,0.02657859600507296
139,0.026570674700614732
140,0.02656293572523655
141,0.026555436849594116
142,0.026547957842166608
143,0.026540651535376523
144,0.02653358700947884
145,0.026526616628353414
146,0.02651981772520603
147,0.02651306375479087
148,0.026506496851260844
149,0.02650006230060871
