,0
0,0.03852033031368038
1,0.026511387291785135
2,0.024530514928809886
3,0.02378513089130368
4,0.02287597536204316
5,0.022229344007423144
6,0.021676564775471453
7,0.02110593287885502
8,0.020786486184269384
9,0.020711442883146962
10,0.020393290855862795
11,0.020107651551250244
12,0.019866653759425028
13,0.019757126410204415
14,0.01972279861471911
15,0.01970924878847008
16,0.019879294800849184
17,0.019790353527364447
18,0.019893171600856338
19,0.020063127381419223
20,0.020385234379697047
21,0.02079788278102023
22,0.021297671073360096
23,0.021739840323423593
24,0.02226083357940292
25,0.022958834112311404
26,0.023653904163373568
27,0.024328545987293042
28,0.024918299399896142
29,0.025431730956372807
30,0.025946428219354185
31,0.026232101812127453
32,0.02665803693850671
33,0.026892881278595154
34,0.02727589376152752
35,0.027558133098458455
36,0.027715509762530812
37,0.02777639146222022
38,0.027920788458032794
39,0.028067077841024753
40,0.028241315144614493
41,0.02821553440266815
42,0.02833182584448171
43,0.028404310089087028
44,0.028397866687673266
45,0.02846648066353371
46,0.02848296369279712
47,0.028510526274189804
48,0.028561908356619602
49,0.02856219863165016
50,0.028569929294041858
51,0.02856009883534153
52,0.028580412607301365
53,0.028600558936185416
54,0.02860751660340581
55,0.028621546682945295
56,0.028626975408414013
57,0.02862307324636081
58,0.028624360264887003
59,0.028653968969673
60,0.028650972535500186
61,0.028662430450894946
62,0.02866746979373053
63,0.02866382105789114
64,0.028661664001920745
65,0.02866125660345533
66,0.028658353900613862
67,0.028659154527587175
68,0.028653108725226778
69,0.028655426882043193
70,0.02865547186518011
71,0.02865490109015759
72,0.02865583319524842
73,0.028656224109560827
74,0.028654681169748633
75,0.028653122307655734
76,0.0286518523402861
77,0.028650874341260797
78,0.028649702742593184
79,0.02865049437447849
80,0.02865192249735443
81,0.028651012998002455
82,0.028650208704748267
83,0.028650572449071512
84,0.028649854086359998
85,0.028649163999422852
86,0.028648557731517418
87,0.028648474782233233
88,0.028647901515986965
89,0.028647361484871917
90,0.02864687170669149
91,0.02864639562895886
92,0.02864669592789382
93,0.02864625369078036
94,0.028645854882033896
95,0.028645522594862406
96,0.028645155286883356
97,0.028644873565652974
98,0.028644585248195763
99,0.028644511771206194
100,0.028644270320056064
101,0.028644061413883506
102,0.02864383051515693
103,0.0286436353889666
104,0.02864348281113323
105,0.02864331755397159
106,0.028643105705024947
107,0.028642999452151378
108,0.02864285843246732
109,0.028642743135758833
110,0.028642644515625374
111,0.028642525152398207
112,0.028642400473192046
113,0.02864232250892098
114,0.02864222613371108
115,0.028642105182360846
116,0.028642067726773336
117,0.02864201438482389
118,0.02864195151157041
119,0.02864187123566948
120,0.028641823899852672
121,0.02864177036034995
122,0.02864168813457256
123,0.028641636804074624
124,0.028641605616313695
125,0.02864155949660405
126,0.028641412060287044
127,0.028641301494594613
128,0.02864117989157514
129,0.028641098558635916
130,0.028641054121977535
131,0.02864106961579855
132,0.028641080224665893
133,0.028641088940100565
134,0.02864111500430452
135,0.02864114144822126
136,0.028641183968356326
137,0.028641253322383424
138,0.02864128934635111
139,0.02864134193400624
140,0.02864137860707754
141,0.028641319228207934
142,0.02864130959427882
143,0.028641279266002913
144,0.028641246869831702
145,0.028641290108342307
146,0.028641282252392656
147,0.02864127932501233
148,0.028641251295538152
149,0.028641246107840506
150,0.0286412347215882
151,0.028641198949051955
152,0.02864114240776573
153,0.028641147510797688
154,0.02864114112238664
155,0.028641146479415663
156,0.02864116498528269
157,0.028641152875523594
158,0.028641151246350496
159,0.028641132501880162
160,0.028641151713294597
161,0.02864117515542783
162,0.028641219715236303
163,0.028641241317815033
164,0.02864124257753785
165,0.028641240119667257
166,0.028641253432705384
167,0.02864128005621601
168,0.028641279756037658
169,0.028641271240721886
170,0.028641264903623374
171,0.02864125913865967
172,0.028641234516338047
173,0.028641219856345785
174,0.028641174011158222
175,0.02864116575240514
176,0.028641165408611134
177,0.028641161378011232
178,0.028641159281894032
179,0.028641157742517874
180,0.028641155456544283
181,0.0286411558773071
182,0.028641154250699626
183,0.028641153037158088
184,0.028641151110372267
185,0.028641149830124432
186,0.02864114412673577
187,0.02864112934102779
188,0.02864113171166707
189,0.028641154235305864
190,0.028641157360239464
191,0.028641157360239464
192,0.028641157360239464
193,0.028641157360239464
194,0.028641157360239464
195,0.028641157360239464
196,0.028641157360239464
197,0.028641157360239464
198,0.028641157360239464
199,0.028641157360239464
200,0.028641157360239464
201,0.028641157360239464
202,0.028641157360239464
203,0.028641157360239464
204,0.028641157360239464
205,0.028641157360239464
206,0.028641157360239464
207,0.028641157360239464
208,0.028641157360239464
209,0.028641157360239464
210,0.028641157360239464
211,0.028641157360239464
212,0.028641157360239464
213,0.028641157360239464
214,0.028641157360239464
215,0.028641157360239464
216,0.028641157360239464
217,0.028641157360239464
218,0.028641157360239464
219,0.028641157360239464
220,0.028641157360239464
221,0.028641157360239464
222,0.028641157360239464
223,0.028641157360239464
224,0.028641157360239464
225,0.028641157360239464
226,0.028641157360239464
227,0.028641157360239464
228,0.028641157360239464
229,0.028641157360239464
230,0.028641157360239464
231,0.028641157360239464
232,0.028641157360239464
233,0.028641157360239464
234,0.028641157360239464
235,0.028641157360239464
236,0.028641157360239464
237,0.028641157360239464
238,0.028641157360239464
239,0.028641157360239464
240,0.028641157360239464
241,0.028641157360239464
242,0.028641157360239464
243,0.028641157360239464
244,0.028641157360239464
245,0.028641157360239464
246,0.028641157360239464
247,0.028641157360239464
248,0.028641157360239464
249,0.028641157360239464
