,0
0,0.4210281978400114
1,0.23404761481409272
2,0.16629221647356948
3,0.12074887527463336
4,0.07746989328491811
5,0.05494871339518189
6,0.04391968864850545
7,0.04008151880649772
8,0.03747898629323269
9,0.036510589876949474
10,0.03552381594393713
11,0.03546369957863741
12,0.03499734267340197
13,0.03427416018773025
14,0.03418008452717913
15,0.03409651661543952
16,0.03343840385302125
17,0.033261664262681734
18,0.03363172134171085
19,0.033030379532040875
20,0.032506847889938704
21,0.03234667777239034
22,0.03245094097413433
23,0.03202761710053892
24,0.03212492718497136
25,0.03204329332947964
26,0.03168546073963322
27,0.031842334115935955
28,0.03155944946047384
29,0.03165828368461613
30,0.03164134853432188
31,0.030912807368925616
32,0.03163137243973324
33,0.03156176725800227
34,0.03177147881797282
35,0.031820777418033686
36,0.031502589258404136
37,0.03151084774193199
38,0.03160593073941224
39,0.03196436777458681
40,0.03189509070458977
41,0.03182857263891492
42,0.031732217762813285
43,0.03154957673784035
44,0.031956927875095666
45,0.031905615270564645
46,0.03196206547727343
47,0.03168074166751467
48,0.031972161702772915
49,0.03188477239746135
50,0.03167540183252034
51,0.03227514205112433
52,0.03195323112110297
53,0.03207273202618429
54,0.03227090232151871
55,0.032353230218480654
56,0.03186450510596236
57,0.03230146559265753
58,0.03250875399680808
59,0.0324180572545932
60,0.032631361100357026
61,0.03236589941661805
62,0.0326690452444988
63,0.03271440418514734
64,0.032527756285465635
65,0.03266962848526115
66,0.032611520698992535
67,0.032753841631347314
68,0.03261105009005405
69,0.032890996556185804
70,0.03286653296284688
71,0.0327796539835011
72,0.032534992487247415
73,0.032838689270041264
74,0.032789521714827664
75,0.03290914196986705
76,0.032757037008802094
77,0.032958657354659714
78,0.032801198084295415
79,0.03288311656797305
80,0.033138305928635724
81,0.032899471572212256
82,0.0329510489924966
83,0.03287105596973561
84,0.03307768641388975
85,0.033058775802298136
86,0.03304055068292655
87,0.03281698368179301
88,0.03301456781143012
89,0.032997421939702086
90,0.03298079295200296
91,0.03296466432705832
92,0.03275466148625128
93,0.0329412453478047
94,0.03292594730737619
95,0.03291105773920814
96,0.03289653389947489
97,0.03269281545847965
98,0.03287442327321818
99,0.032856368828409664
100,0.03297084402098941
101,0.03295612783404067
102,0.03294181286279733
103,0.03275998090975918
104,0.03292129659287942
105,0.032907711138250306
106,0.03282149968435988
107,0.03288642375264317
108,0.032873654417926446
109,0.03270312443297977
110,0.03285507225276282
111,0.032842914758172505
112,0.03283104759369356
113,0.03281941396805147
114,0.0329292196353587
115,0.03280273593069675
116,0.03306238017588233
117,0.03305190241856811
118,0.03304163546029789
119,0.0330315526710668
120,0.03302167492802255
121,0.032872705914390586
122,0.03300696850055829
123,0.03299742843955755
124,0.03298805694794282
125,0.032978831994114444
126,0.03296981078650182
127,0.032960888997574024
128,0.03295214604198312
129,0.032943549022699394
130,0.03293511086182358
131,0.03292678732153339
132,0.032794367104846366
133,0.032913979036190234
134,0.03290590311128957
135,0.03289795364253223
136,0.03289015204063617
137,0.032882455561775714
138,0.032899610562405236
139,0.03286889777518809
140,0.03286152073997073
141,0.032854247013650216
142,0.03284703977017974
143,0.03283997840480879
144,0.03280317906561928
145,0.032948779698926955
146,0.03282025968655944
147,0.032813520316267386
148,0.03280689774934823
149,0.03280036829528399
150,0.032793931304089106
151,0.03288820285039643
152,0.03289180953288451
153,0.03277519862361563
154,0.03276908006713105
155,0.03276306432477819
156,0.03279772689954067
157,0.03285342159021335
158,0.032786534837214276
159,0.03281301606330089
160,0.032834097616917766
161,0.03276721268775873
162,0.032818666591386624
163,0.03275670339159357
164,0.0328038023726549
165,0.03274641579870755
166,0.032738479416972645
167,0.03278847622762745
168,0.03272845922037959
169,0.0327747488724223
170,0.03283132020927345
171,0.03267446444563878
172,0.03275515588272052
173,0.032813994388561696
174,0.03269679369016861
175,0.03274072312827533
176,0.032794395461678505
177,0.03272775969041201
178,0.03278250451937007
179,0.03267144959924432
180,0.0327145808065931
181,0.03275778971146792
182,0.03275162169787412
183,0.03275702758886231
184,0.032742451556259766
185,0.03273651984636672
186,0.032741365333398185
187,0.03272762292181142
188,0.03272190833619485
189,0.032726107931618266
190,0.03271324053639546
191,0.03270771174963253
192,0.03270228925975971
193,0.03270799188370196
194,0.03269397370362034
195,0.03268873207465125
196,0.0326935468474403
197,0.032680649494674675
198,0.03267556237794148
199,0.03267945623762595
200,0.03266767325112596
201,0.032662757381331176
202,0.032657934207236394
203,0.032662657623101644
204,0.03265033911641998
205,0.03264566540989714
206,0.032649278660149626
207,0.032638233804997675
208,0.03264561069469588
209,0.032630622774983443
210,0.03263764379274411
211,0.0326231346213414
212,0.03261878347257152
213,0.032626783242449164
214,0.032611540043338515
215,0.03261921785694236
216,0.03260444005718455
217,0.03261180101738622
218,0.03259748900503231
219,0.03261824126821011
220,0.03260262452143555
221,0.03259834466734901
222,0.032594088038119175
223,0.032581137279824667
224,0.03260121904895641
225,0.0325855252352388
226,0.032581462466623634
227,0.03256827770383097
228,0.03258685729815625
229,0.03256711739231832
230,0.03256880945021597
231,0.03255615730692322
232,0.032575004627384864
233,0.032561066754472755
234,0.03255735104903579
235,0.03256541330483742
236,0.03255799911372984
237,0.03256458599935286
238,0.03255329770036042
239,0.03255903686901244
240,0.03254871798950868
241,0.03255362109242318
242,0.03254418411718992
243,0.03254830290097743
244,0.032532065466511995
245,0.032536890163707234
246,0.0325417293740126
247,0.032532602946351595
248,0.0325367055387081
249,0.032528403360629454
250,0.03253070175802956
251,0.032525360312623285
252,0.0325265197995274
253,0.03251970684505068
254,0.03251863603751796
255,0.03252054034965113
256,0.03251318486096958
257,0.03251209473819472
258,0.03251474517552803
259,0.032506882407081626
260,0.0325057986289418
261,0.03250909366761334
262,0.03250075163668953
263,0.03250604688461559
264,0.03249715299655994
265,0.03250182107634222
266,0.032493589261624344
267,0.03249765241829058
268,0.03249010920020131
269,0.03249360929476097
270,0.0324866865897396
271,0.032489657149805375
272,0.03248335333773866
273,0.03248521971787947
274,0.032480554189532995
275,0.03248190214314187
276,0.03247632419030803
277,0.03247523045865819
278,0.032477113854838535
279,0.03247115191576692
280,0.03247006004676223
281,0.032472463858236246
282,0.03246612254103335
283,0.03246507189275386
284,0.032467975261776395
285,0.03246123035205528
286,0.032465381819444396
287,0.03245835103249798
288,0.032462029378317915
289,0.03245553169593526
290,0.03245876176515594
291,0.03245275071822107
292,0.0324555633997079
293,0.03245002393183919
294,0.032452408040019996
295,0.03244736706255935
296,0.03244895042735152
297,0.03244508263499787
298,0.03244628946413286
299,0.03244175079938335
300,0.03244089121775081
301,0.03244247447582893
302,0.032437618724846594
303,0.032436820367972054
304,0.03243877251710122
305,0.03243360354099423
306,0.03243285003312243
307,0.032435156259452924
308,0.032429705160514764
309,0.032433199822359406
310,0.03243132753414102
311,0.03242664581436353
312,0.03242870906251483
313,0.03242442616222737
314,0.03242613958233657
315,0.03242221605614759
316,0.03242983768965738
317,0.032422901975223795
318,0.032418662788889684
319,0.03242049537948333
320,0.03241659429234763
321,0.032424297833737604
322,0.032417455047834665
323,0.0324222493218258
324,0.032415152507989355
325,0.03242028009844944
326,0.03241893010757243
327,0.032412257249234244
328,0.03241702663945034
329,0.03241879959629538
330,0.03241510457398059
331,0.032413859968073666
332,0.03240717452717945
333,0.03241557347549436
334,0.03241392597556114
335,0.032410361910782136
336,0.03240915139516195
337,0.032402843004092574
338,0.03241086064372212
339,0.03240928737795912
340,0.03240584616044847
341,0.03240469974116422
342,0.03239872133902585
343,0.03240638727826687
344,0.03240486831055023
345,0.03240153610628719
346,0.0323956613719929
347,0.03240265991189517
348,0.03239900826398904
349,0.0324006844117927
