,0
0,0.09834290384682581
1,0.06174269867775014
2,0.06075169238172014
3,0.06083964984945692
4,0.061499242325672845
5,0.06164555741972372
6,0.06188889441954527
7,0.06201758690938158
8,0.06232260880999986
9,0.06232626128353571
10,0.06223242473992797
11,0.06248499883395996
12,0.062230014789588096
13,0.06235189760397924
14,0.0620804583437316
15,0.062286773106295684
16,0.06232720189074283
17,0.06228902081452441
18,0.06227052885336442
19,0.06243670733212575
20,0.06250477301185592
21,0.06255808321701918
22,0.06260569084419362
23,0.06260172404928885
24,0.06275467065024075
25,0.06276122924642996
26,0.0628828970335522
27,0.06288861882823862
28,0.06287590071371053
29,0.06288853173119653
30,0.06289749346436574
31,0.0629223315249475
32,0.06294192521620476
33,0.0629406809753722
34,0.06296189309898437
35,0.06297635877701013
36,0.06300001809773803
37,0.06299614554409984
38,0.06301507956283003
39,0.06299517684199504
40,0.06301306652133926
41,0.06299445721557723
42,0.06300950753339157
43,0.06300739188507003
44,0.06303223347691655
45,0.06302232100840724
46,0.0630330623907707
47,0.06302861947966576
48,0.06303409109782558
49,0.06302396237049579
50,0.06302990830960896
51,0.0630265562366204
52,0.06302378062166993
53,0.06301730495607971
54,0.06301146037386436
55,0.06300615859748959
56,0.06300495081711888
57,0.06299621865700669
58,0.06299748593581873
59,0.06299459390554643
60,0.06299207145103107
61,0.06299228331874729
62,0.0629896623748273
63,0.06298729481600356
64,0.06298431765958014
65,0.06298415166971258
66,0.06298237710398737
67,0.06298077854393214
68,0.06297933386450862
69,0.06297799637500327
70,0.06297807891346645
71,0.06297688097121161
72,0.06297578569093164
73,0.0629746872408871
74,0.06297387570355154
75,0.0629731730819402
76,0.06297250619574793
77,0.06297189566274092
78,0.06297135973765858
79,0.06297086246450546
80,0.06297040957826794
81,0.06296999356913659
82,0.06296962451418503
83,0.0629692658059005
84,0.06296894156676308
85,0.0629686718263353
86,0.06296844541283096
87,0.0629682294358581
88,0.0629680446112169
89,0.06296786276844184
90,0.06296770604074067
91,0.06296755476005114
92,0.06296739695601884
93,0.06296730202442982
94,0.06296720574078918
95,0.06296708063925044
96,0.06296697927826787
97,0.06296691395089096
98,0.06296687040951822
99,0.06296681589855437
100,0.06296672027664292
101,0.06296666099469324
102,0.06296661576223478
103,0.06296659067371174
104,0.06296652505836009
105,0.06296650573750141
106,0.06296645031563872
107,0.0629664287379567
108,0.06296641738031451
109,0.06296637154739808
110,0.06296633328147755
111,0.06296632696849931
112,0.06296629706814297
113,0.0629662791953275
114,0.06296623967130456
115,0.06296619929356925
116,0.06296621786691901
117,0.0629662176402155
118,0.06296621332263672
119,0.0629662071260738
120,0.06296620371735148
121,0.0629661944306766
122,0.06296619537016868
123,0.06296619560504169
124,0.06296618576488343
125,0.06296616786347474
126,0.06296613869837306
127,0.0629661340642263
128,0.06296616207947138
129,0.06296615851144388
130,0.06296615693268873
131,0.06296615363221224
132,0.0629661522086775
133,0.06296615213310967
134,0.06296614962711669
135,0.06296614575273309
136,0.06296613965420411
137,0.06296613663557525
138,0.06296614065700978
139,0.06296614052425548
140,0.06296613787938106
141,0.06296613959089052
142,0.06296613865139845
143,0.06296613858604248
144,0.06296613831236436
145,0.06296613644563447
146,0.06296613697869409
147,0.062966137442313
148,0.06296613694397374
149,0.06296613439304852
150,0.06296613455643844
151,0.06296613736470279
152,0.06296613874534766
153,0.062966139112975
154,0.06296613628837165
155,0.06296613617399871
156,0.06296613511400656
157,0.06296613297768329
158,0.06296613269992042
159,0.06296613115384325
160,0.06296613065141923
161,0.06296613053500391
162,0.0629661331186071
163,0.06296613314924271
164,0.06296613343517508
165,0.06296613161950454
166,0.0629661312600467
167,0.0629661312600467
168,0.0629661312600467
169,0.0629661312600467
170,0.0629661312600467
171,0.0629661312600467
172,0.0629661312600467
173,0.0629661312600467
174,0.0629661312600467
175,0.0629661312600467
176,0.0629661312600467
177,0.0629661312600467
178,0.0629661312600467
179,0.0629661312600467
180,0.0629661312600467
181,0.0629661312600467
182,0.0629661312600467
183,0.0629661312600467
184,0.0629661312600467
185,0.0629661312600467
186,0.0629661312600467
187,0.0629661312600467
188,0.0629661312600467
189,0.0629661312600467
190,0.0629661312600467
191,0.0629661312600467
192,0.0629661312600467
193,0.0629661312600467
194,0.0629661312600467
195,0.0629661312600467
196,0.0629661312600467
197,0.0629661312600467
198,0.0629661312600467
199,0.0629661312600467
200,0.0629661312600467
201,0.0629661312600467
202,0.0629661312600467
203,0.0629661312600467
204,0.0629661312600467
205,0.0629661312600467
206,0.0629661312600467
207,0.0629661312600467
208,0.0629661312600467
209,0.0629661312600467
210,0.0629661312600467
211,0.0629661312600467
212,0.0629661312600467
213,0.0629661312600467
214,0.0629661312600467
215,0.0629661312600467
216,0.0629661312600467
217,0.0629661312600467
218,0.0629661312600467
219,0.0629661312600467
220,0.0629661312600467
221,0.0629661312600467
222,0.0629661312600467
223,0.0629661312600467
224,0.0629661312600467
225,0.0629661312600467
226,0.0629661312600467
227,0.0629661312600467
228,0.0629661312600467
229,0.0629661312600467
230,0.0629661312600467
231,0.0629661312600467
232,0.0629661312600467
233,0.0629661312600467
234,0.0629661312600467
235,0.0629661312600467
236,0.0629661312600467
237,0.0629661312600467
238,0.0629661312600467
239,0.0629661312600467
240,0.0629661312600467
241,0.0629661312600467
242,0.0629661312600467
243,0.0629661312600467
244,0.0629661312600467
245,0.0629661312600467
246,0.0629661312600467
247,0.0629661312600467
248,0.0629661312600467
249,0.0629661312600467
250,0.0629661312600467
251,0.0629661312600467
252,0.0629661312600467
253,0.0629661312600467
254,0.0629661312600467
255,0.0629661312600467
256,0.0629661312600467
257,0.0629661312600467
258,0.0629661312600467
259,0.0629661312600467
260,0.0629661312600467
261,0.0629661312600467
262,0.0629661312600467
263,0.0629661312600467
264,0.0629661312600467
265,0.0629661312600467
266,0.0629661312600467
267,0.0629661312600467
268,0.0629661312600467
269,0.0629661312600467
270,0.0629661312600467
271,0.0629661312600467
272,0.0629661312600467
273,0.0629661312600467
274,0.0629661312600467
275,0.0629661312600467
276,0.0629661312600467
277,0.0629661312600467
278,0.0629661312600467
279,0.0629661312600467
280,0.0629661312600467
281,0.0629661312600467
282,0.0629661312600467
283,0.0629661312600467
284,0.0629661312600467
285,0.0629661312600467
286,0.0629661312600467
287,0.0629661312600467
288,0.0629661312600467
289,0.0629661312600467
290,0.0629661312600467
291,0.0629661312600467
292,0.0629661312600467
293,0.0629661312600467
294,0.0629661312600467
295,0.0629661312600467
296,0.0629661312600467
297,0.0629661312600467
298,0.0629661312600467
299,0.0629661312600467
300,0.0629661312600467
301,0.0629661312600467
302,0.0629661312600467
303,0.0629661312600467
304,0.0629661312600467
305,0.0629661312600467
306,0.0629661312600467
307,0.0629661312600467
308,0.0629661312600467
309,0.0629661312600467
310,0.0629661312600467
311,0.0629661312600467
312,0.0629661312600467
313,0.0629661312600467
314,0.0629661312600467
315,0.0629661312600467
316,0.0629661312600467
317,0.0629661312600467
318,0.0629661312600467
319,0.0629661312600467
320,0.0629661312600467
321,0.0629661312600467
322,0.0629661312600467
323,0.0629661312600467
324,0.0629661312600467
325,0.0629661312600467
326,0.0629661312600467
327,0.0629661312600467
328,0.0629661312600467
329,0.0629661312600467
330,0.0629661312600467
331,0.0629661312600467
332,0.0629661312600467
333,0.0629661312600467
334,0.0629661312600467
335,0.0629661312600467
336,0.0629661312600467
337,0.0629661312600467
338,0.0629661312600467
339,0.0629661312600467
340,0.0629661312600467
341,0.0629661312600467
342,0.0629661312600467
343,0.0629661312600467
344,0.0629661312600467
345,0.0629661312600467
346,0.0629661312600467
347,0.0629661312600467
348,0.0629661312600467
349,0.0629661312600467
