,0
0,0.05521025958953061
1,0.02728792168463166
2,0.028113097729303253
3,0.028724413245850008
4,0.028986435249885645
5,0.030140680677419946
6,0.029544590479434207
7,0.029420708756730644
8,0.028825027710261596
9,0.028176183106772827
10,0.02760645411935323
11,0.02678412086094663
12,0.026344866531898773
13,0.026098880852953234
14,0.025669461062229882
15,0.02517017095107936
16,0.02493219012219114
17,0.02486732642717025
18,0.02477396033451809
19,0.024846878474430286
20,0.025071380349115623
21,0.025476896974817222
22,0.025962828221081785
23,0.026452851378001168
24,0.027024370762325035
25,0.02740603689421624
26,0.027871673660509952
27,0.028256152173768145
28,0.028512758234886484
29,0.028648530914891362
30,0.02878827500758871
31,0.028888488457256733
32,0.028990940121822455
33,0.029089342502619304
34,0.029148084619887216
35,0.029185424736921387
36,0.02920220557174643
37,0.02922976697184127
38,0.029249156474758987
39,0.0292651372195895
40,0.02926107282032557
41,0.029265578474275872
42,0.029265447465182694
43,0.029272185035589947
44,0.029275258396272406
45,0.02927492911310334
46,0.029273018071215896
47,0.029270258635651688
48,0.029269812701469826
49,0.029270725973472182
50,0.02927098114670458
51,0.029269572684158442
52,0.029268835037778895
53,0.02926737368434826
54,0.029266260450295525
55,0.029265208072566797
56,0.02926428861005337
57,0.029263460507157224
58,0.02926276388015967
59,0.029262505725322078
60,0.02926193506790235
61,0.02926138970569191
62,0.029260931938908
63,0.02926051752782144
64,0.029260161687085295
65,0.029259851348436117
66,0.029259579292407762
67,0.029259405386795112
68,0.02925917047917245
69,0.029259015374681948
70,0.029258861498225305
71,0.02925877106535408
72,0.029258580249486327
73,0.02925856301963732
74,0.029258450345623625
75,0.029258298160955248
76,0.029258256997412756
77,0.02925829203070174
78,0.029258244305187003
79,0.02925815179533677
80,0.02925815725131578
81,0.029258038280005463
82,0.029258029330613354
83,0.029257969831991377
84,0.029257920630547742
85,0.029257943525370346
86,0.0292580192538709
87,0.02925797425672705
88,0.029257998620613762
89,0.029258103190366726
90,0.029258194268527795
91,0.029258271965696296
92,0.02925833045977132
93,0.029258302250841937
94,0.029258254824326747
95,0.029258194589647207
96,0.029258098447562657
97,0.02925808123754525
98,0.029258079085816353
99,0.02925807649092741
100,0.029258075063052013
101,0.029258074682437792
102,0.029258078291789492
103,0.02925807519500845
104,0.0292580786792685
105,0.02925807511415653
106,0.02925807397765314
107,0.02925807513703915
108,0.029258063412748163
109,0.02925807046593395
110,0.029258076325409804
111,0.02925807143539422
112,0.02925806606713191
113,0.02925807763582109
114,0.029258084083380244
115,0.02925808674691704
116,0.029258083669967603
117,0.02925808243201794
118,0.02925808018952132
119,0.029258074606162397
120,0.02925806218090053
121,0.029258061904020846
122,0.02925807352762831
123,0.02925807352762831
124,0.02925807352762831
125,0.02925807352762831
126,0.02925807352762831
127,0.02925807352762831
128,0.02925807352762831
129,0.02925807352762831
130,0.02925807352762831
131,0.02925807352762831
132,0.02925807352762831
133,0.02925807352762831
134,0.02925807352762831
135,0.02925807352762831
136,0.02925807352762831
137,0.02925807352762831
138,0.02925807352762831
139,0.02925807352762831
140,0.02925807352762831
141,0.02925807352762831
142,0.02925807352762831
143,0.02925807352762831
144,0.02925807352762831
145,0.02925807352762831
146,0.02925807352762831
147,0.02925807352762831
148,0.02925807352762831
149,0.02925807352762831
