,0
0,0.14033571535247974
1,0.053373773286374514
2,0.03607150654769487
3,0.030144354512285827
4,0.027571048621823357
5,0.026029283272719205
6,0.02502244345557231
7,0.024354948142829996
8,0.024304230252037876
9,0.024163191716800318
10,0.023969379282497292
11,0.023736020583615805
12,0.023647304298044697
13,0.023750465611668683
14,0.02394196818532877
15,0.024012587225550542
16,0.02421355422938174
17,0.0244841829470256
18,0.024911149471911
19,0.02512649559948506
20,0.02543712724124807
21,0.025793115863807024
22,0.025949015979807713
23,0.026285069027485754
24,0.026608636661940393
25,0.026790759862590593
26,0.027112918457383894
27,0.027358010297572632
28,0.02749424492068165
29,0.027569015309476235
30,0.027680567559166296
31,0.027881304063775068
32,0.02794446766276822
33,0.02805172018457615
34,0.02813024815470977
35,0.02823484557553079
36,0.02822998386922987
37,0.028285693230861206
38,0.028331272593733657
39,0.028356320612493865
40,0.028387556433440948
41,0.028395375252442814
42,0.028406186267596525
43,0.028420902048876154
44,0.028433726348269444
45,0.028476265927209803
46,0.028480951816005552
47,0.028504687012562584
48,0.028496361786132074
49,0.028495012265458752
50,0.028493627778139203
51,0.028503744971991384
52,0.028494825244049563
53,0.028523155709224004
54,0.02852160663945121
55,0.028537851291082574
56,0.028531490071337158
57,0.028527918900908236
58,0.028531110340910014
59,0.02852837980279456
60,0.028533889370095173
61,0.02853139602956066
62,0.02853058770386172
63,0.02853000992877926
64,0.02852889261890614
65,0.028528364462447803
66,0.028527627501287886
67,0.028528455898701448
68,0.028526783875660055
69,0.02852519432294578
70,0.0285237370180371
71,0.028523906278906757
72,0.028522537577349107
73,0.02852136693602073
74,0.02852034514122035
75,0.02851934238402391
76,0.02851903985992672
77,0.028519607580463124
78,0.028518786206903766
79,0.02851803744224252
80,0.028518887593357956
81,0.028518158187124144
82,0.028517495583817613
83,0.02851690874157791
84,0.02851632259082186
85,0.028516019478029134
86,0.028515544142200297
87,0.028515100078875304
88,0.02851553962575303
89,0.02851515091849759
90,0.028514767079660826
91,0.02851440579191249
92,0.028514096935444752
93,0.028513781559718992
94,0.028513524894692926
95,0.0285134079467418
96,0.028512975420603485
97,0.028512890526968798
98,0.028512697898935416
99,0.028512463875326723
100,0.028512259928142047
101,0.02851209365435717
102,0.02851188320660322
103,0.02851175671804659
104,0.02851161337223988
105,0.02851146632294641
106,0.028511241126656033
107,0.02851120431293861
108,0.028511078276026707
109,0.02851098211619218
110,0.02851086763827049
111,0.02851081629716682
112,0.02851066939738333
113,0.028510606182695533
114,0.028510534315117724
115,0.028510457532399374
116,0.02851038045689065
117,0.02851031026818531
118,0.028510274902845804
119,0.028510211488811367
120,0.028510153983535874
121,0.028510110566461067
122,0.02851007516997365
123,0.028510003592071426
124,0.028509986504326797
125,0.028509933138608834
126,0.028509898439834647
127,0.028509847790214628
128,0.028509735772978002
129,0.028509657921886266
130,0.028509603615501353
131,0.028509562347632487
132,0.02850953824537803
133,0.028509593841286505
134,0.028509603008117067
135,0.028509605481261295
136,0.028509642167272278
137,0.028509651225085142
138,0.028509653022319677
139,0.028509683341697407
140,0.02850968610763201
141,0.028509700404523705
142,0.02850970833789694
143,0.02850965958829957
144,0.02850964919735606
145,0.028509672742062887
146,0.028509671673689497
147,0.028509721958878947
148,0.028509797788471184
149,0.028509795492870055
150,0.028509820594972493
151,0.0285098263386475
152,0.02850983108558932
153,0.028509806783988224
154,0.028509769590266274
155,0.02850975211628753
156,0.028509739457776018
157,0.02850975372040501
158,0.028509750306593834
159,0.028509759351947536
160,0.02850977290440413
161,0.02850975042807069
162,0.028509748437719102
163,0.028509767497126574
164,0.02850979405383651
165,0.02850979936767033
166,0.028509796140746627
167,0.028509801647697505
168,0.028509811434371514
169,0.02850981798789224
170,0.028509817841497052
171,0.028509811054366986
172,0.02850981024763606
173,0.02850980138605504
174,0.028509785400946504
175,0.02850979075527261
176,0.02850978482782492
177,0.02850975070528711
178,0.028509738507764695
179,0.028509738401861794
180,0.028509734704604616
181,0.028509734984935826
182,0.028509734084761162
183,0.028509732299985793
184,0.02850973204145812
185,0.028509731823422736
186,0.028509729474870158
187,0.028509729113554375
188,0.028509728471907386
189,0.028509720934112633
190,0.028509717401939392
191,0.02850972929732706
192,0.02850973384803703
193,0.02850973384803703
194,0.02850973384803703
195,0.02850973384803703
196,0.02850973384803703
197,0.02850973384803703
198,0.02850973384803703
199,0.02850973384803703
200,0.02850973384803703
201,0.02850973384803703
202,0.02850973384803703
203,0.02850973384803703
204,0.02850973384803703
205,0.02850973384803703
206,0.02850973384803703
207,0.02850973384803703
208,0.02850973384803703
209,0.02850973384803703
210,0.02850973384803703
211,0.02850973384803703
212,0.02850973384803703
213,0.02850973384803703
214,0.02850973384803703
215,0.02850973384803703
216,0.02850973384803703
217,0.02850973384803703
218,0.02850973384803703
219,0.02850973384803703
220,0.02850973384803703
221,0.02850973384803703
222,0.02850973384803703
223,0.02850973384803703
224,0.02850973384803703
225,0.02850973384803703
226,0.02850973384803703
227,0.02850973384803703
228,0.02850973384803703
229,0.02850973384803703
230,0.02850973384803703
231,0.02850973384803703
232,0.02850973384803703
233,0.02850973384803703
234,0.02850973384803703
235,0.02850973384803703
236,0.02850973384803703
237,0.02850973384803703
238,0.02850973384803703
239,0.02850973384803703
240,0.02850973384803703
241,0.02850973384803703
242,0.02850973384803703
243,0.02850973384803703
244,0.02850973384803703
245,0.02850973384803703
246,0.02850973384803703
247,0.02850973384803703
248,0.02850973384803703
249,0.02850973384803703
250,0.02850973384803703
251,0.02850973384803703
252,0.02850973384803703
253,0.02850973384803703
254,0.02850973384803703
255,0.02850973384803703
256,0.02850973384803703
257,0.02850973384803703
258,0.02850973384803703
259,0.02850973384803703
260,0.02850973384803703
261,0.02850973384803703
262,0.02850973384803703
263,0.02850973384803703
264,0.02850973384803703
265,0.02850973384803703
266,0.02850973384803703
267,0.02850973384803703
268,0.02850973384803703
269,0.02850973384803703
270,0.02850973384803703
271,0.02850973384803703
272,0.02850973384803703
273,0.02850973384803703
274,0.02850973384803703
275,0.02850973384803703
276,0.02850973384803703
277,0.02850973384803703
278,0.02850973384803703
279,0.02850973384803703
280,0.02850973384803703
281,0.02850973384803703
282,0.02850973384803703
283,0.02850973384803703
284,0.02850973384803703
285,0.02850973384803703
286,0.02850973384803703
287,0.02850973384803703
288,0.02850973384803703
289,0.02850973384803703
290,0.02850973384803703
291,0.02850973384803703
292,0.02850973384803703
293,0.02850973384803703
294,0.02850973384803703
295,0.02850973384803703
296,0.02850973384803703
297,0.02850973384803703
298,0.02850973384803703
299,0.02850973384803703
