,0
0,0.10907781884583155
1,0.060274234286193044
2,0.061880421782067666
3,0.05687295805337504
4,0.0526812023676496
5,0.048229087324682784
6,0.04455582464649454
7,0.04197396709468404
8,0.040096112423594975
9,0.037272367938511214
10,0.03584493720263242
11,0.034486550261928456
12,0.03273240015832692
13,0.03222656690389461
14,0.031418333845795135
15,0.030622286522441592
16,0.030537048818400647
17,0.029750318584317426
18,0.02959607879482688
19,0.028303401146975094
20,0.028068679927785303
21,0.027339942423452904
22,0.027400665054730593
23,0.0272849672330127
24,0.02688107585442291
25,0.026559825838884513
26,0.026612102316581652
27,0.026440333410265828
28,0.026233411051044896
29,0.02578679224653826
30,0.02536249970280755
31,0.02532850152794988
32,0.025663277805310476
33,0.02503494424581265
34,0.025290044198594003
35,0.025318560133168015
36,0.025163330916816797
37,0.02488686533365697
38,0.024725212733550835
39,0.024557804048321814
40,0.024374021096856525
41,0.024081741430806384
42,0.024339887491887334
43,0.024099415366781146
44,0.024065526889768454
45,0.02398355873909821
46,0.023933111114792363
47,0.02378279765016953
48,0.023598506055061128
49,0.023955655810249693
50,0.023910170397012293
51,0.023764453284391678
52,0.024018568637406226
53,0.023878535596640386
54,0.02385271573849679
55,0.02390328640599947
56,0.023774168503493853
57,0.02356245127672222
58,0.023335235910855817
59,0.02357608990016907
60,0.02367559542352375
61,0.02310826221804839
62,0.02322778859379002
63,0.023127088200290486
64,0.023154043435836987
65,0.022839466893212656
66,0.022825559841555494
67,0.02265557278192202
68,0.022695515565581633
69,0.022573024683627478
70,0.02246288461170386
71,0.02251987743992896
72,0.022534386205832282
73,0.022334639131646
74,0.022158474484920077
75,0.022267041742302585
76,0.022069901664130715
77,0.022076234648986243
78,0.022005580347113442
79,0.021882455441981363
80,0.021788421440629837
81,0.022011698420068664
82,0.021602157076808792
83,0.021825555842550762
84,0.021725823967547814
85,0.021623586318865143
86,0.02153915664088205
87,0.021403304184189974
88,0.021270968952740076
89,0.021026315763727044
90,0.02099436411039138
91,0.02088179424349502
92,0.020753673856886916
93,0.020799721620726186
94,0.020680548864057086
95,0.020626529210942234
96,0.02037074305109668
97,0.02046718961881617
98,0.020488913324161563
99,0.02038531314159254
