,0
0,0.1441381147274604
1,0.1441369368479802
2,0.14413565259713393
3,0.14413423629907463
4,0.14413268046501354
5,0.14413095330580686
6,0.14412903189659118
7,0.1441268659554995
8,0.1441244328633333
9,0.1441216562038813
10,0.14411847728949326
11,0.14411478424683596
12,0.1441104537401444
13,0.14410530282900882
14,0.14409907108698136
15,0.14409138010098385
16,0.14408164910781077
17,0.14406894399569584
18,0.14405165146558713
19,0.14402670447642987
20,0.14398753734735342
21,0.14391679916626368
22,0.1437473339912219
23,0.14182217656037746
24,0.03892195851374895
25,0.03328356131529197
26,0.03265773164920318
27,0.03072781020250076
28,0.029914983572104037
29,0.029573112114881856
30,0.029759415143575423
31,0.027952835804376845
32,0.027537608452332326
33,0.028215033885760184
34,0.02711884333537175
35,0.0264224587342678
36,0.02556830881497799
37,0.024712096880643797
38,0.025699138335692578
39,0.024772144586612015
40,0.02484044386790349
41,0.02468345990547767
42,0.024431775930600287
43,0.02326567524518722
44,0.02294666507305243
45,0.02276632403716063
46,0.022616524115586893
47,0.022414581745098798
48,0.02232853632706862
49,0.021582948091702584
50,0.02220523708905929
51,0.02135184605916341
52,0.02102398811242519
53,0.020981634427339604
54,0.020963346193998287
55,0.01988657575387221
56,0.01952895231736012
57,0.019482274850209553
58,0.01958419176248404
59,0.01902269843297127
60,0.01926959676620288
61,0.019183477682945056
62,0.019445999157734407
63,0.019114310924823467
64,0.018885147265898877
65,0.0181464766844725
66,0.01817404154019478
67,0.017824110770836853
68,0.01809490002118624
69,0.01778727861551138
70,0.01682300980274494
71,0.01677464980345506
72,0.016753621590443146
73,0.016746327663079288
74,0.017565164199242225
75,0.01634132586992704
76,0.0171898698195433
77,0.016309671371411056
78,0.016206245391796797
79,0.016354409395120083
80,0.016272841967069185
81,0.015757810763823682
82,0.015701166483072133
83,0.015709947775571775
84,0.015781240585522775
85,0.015618025492399167
86,0.015262660154929528
87,0.014975433777540159
88,0.014421580235163371
89,0.014987971690984873
90,0.014437132615309494
91,0.01396039021320832
92,0.01468189863058237
93,0.013815936064108823
94,0.014097791146009396
95,0.014070786115450738
96,0.014329952154404078
97,0.013423178593317668
98,0.013499386188311455
99,0.013733687767615686
100,0.013690471649169922
101,0.013937430962538107
102,0.014339237946730393
103,0.013329113599581596
104,0.013230159343817296
105,0.01346183220545451
106,0.013055933285982181
107,0.01320398434614524
108,0.013215147531949557
109,0.0136164862375993
110,0.013327319041276589
111,0.013076195197227674
112,0.013182078110866058
113,0.012795667159251678
114,0.012909892736337124
115,0.012707892136696057
116,0.01306458436525785
117,0.012964894221379206
118,0.013248377732741528
119,0.013105527559916178
120,0.01297654051047105
121,0.013000263923253768
122,0.013022584945727618
123,0.012153969361231877
124,0.012760590589963473
125,0.013062516236916566
126,0.012814317758266743
127,0.01291733368849143
128,0.012739712916887724
129,0.012568477789560955
130,0.012863719769013234
131,0.012330157634539481
132,0.013019916033133482
133,0.012443456588647305
134,0.01294331153233846
135,0.012403205572030482
136,0.012483631647550142
137,0.012960184690279838
138,0.012980846411142593
139,0.013050113121668499
140,0.013289501575323251
141,0.01296488214761783
142,0.01297207780373402
143,0.012951440994556133
144,0.013503053555121788
145,0.012865438980933947
146,0.01335218472358508
147,0.013878052968245286
148,0.013559895295363207
149,0.013271462764495458
150,0.013637797190592839
151,0.0140496415969653
152,0.014429571384038681
153,0.014112901076292381
154,0.01418926349053016
155,0.013882633661612485
156,0.014316114401205992
157,0.014842140827423488
158,0.015339501545979427
159,0.014713942393278464
160,0.015289155947856414
161,0.015236208683405167
162,0.015256197024614383
163,0.016027301855576343
164,0.01621148616839678
165,0.016579568233245457
166,0.016714228422213824
167,0.0166917819243211
168,0.016993204141274476
169,0.017903467019399006
170,0.01739293825932038
171,0.01744100680718055
172,0.018586455705838327
173,0.019118991876259827
174,0.018856255213419597
175,0.01882902185122172
176,0.019810998745453664
177,0.020080027213463417
178,0.020319007757382514
179,0.02007386638567998
180,0.02122952204484206
181,0.021734232780260918
182,0.02174962606185522
183,0.02191490439268259
184,0.022775172575926168
185,0.023153624014976698
186,0.024208431366162422
187,0.02464119364053775
188,0.025261836785536545
189,0.025545561466461572
190,0.02594260879051991
191,0.025988909678581435
192,0.02696480032725212
193,0.027551607290903727
194,0.02849312302393791
195,0.028131765585679275
196,0.028084343977463552
197,0.02866806433751033
198,0.02849731323046562
199,0.029470648368199667
200,0.030364670967444395
201,0.03076653098448729
202,0.03192586975219922
203,0.03277043058322026
204,0.03298684373880044
205,0.03320858554962354
206,0.03390998045603434
207,0.03381421260344677
208,0.034253173149549045
209,0.033996403370148094
210,0.035155736788725245
211,0.0354522079993517
212,0.03642818530400594
213,0.037829604974159825
214,0.038631900151570635
215,0.03985958848244105
216,0.04082452899370438
217,0.041182585710134265
218,0.04148368132420075
219,0.041056874776497866
220,0.04123968130502945
221,0.04073785222493685
222,0.04193734404368278
223,0.04306539037288763
224,0.04353727652476384
225,0.04414614851658161
226,0.045366334915161136
227,0.046073692731368236
228,0.04600925476123125
229,0.04614663964662796
230,0.0467161068549523
231,0.047265343177012906
232,0.047787777735636784
233,0.04836930846556639
234,0.04867216577896705
235,0.04911124813251006
236,0.049601482580869626
237,0.049437873791425654
238,0.049349775986793715
239,0.05002594253955743
240,0.05037682621906965
241,0.05034331419529059
242,0.05053135416446588
243,0.05139834712713193
244,0.05122984204536829
245,0.05106592331177149
246,0.050904715061187746
247,0.050744975835849075
248,0.05058614153128404
249,0.05087254689289973
250,0.051225266853968304
251,0.050551859843425265
252,0.05090072735761985
253,0.05024090516261565
254,0.05057878035765428
255,0.04993447554417146
256,0.05021687256984222
257,0.05054430717077011
258,0.05038911073635786
259,0.05023465324670841
260,0.0500808515609839
261,0.04963122820242857
262,0.05061164391346467
263,0.051282495565903495
264,0.05188045532275469
265,0.05208969467725509
266,0.053116176831416596
267,0.05331552945650541
268,0.05356112046119494
269,0.05376479182487879
270,0.05360092123349507
271,0.05375068997725462
272,0.053287940147595525
273,0.05347990638170487
274,0.05368212507321284
275,0.05352668502391913
276,0.0533720714923663
277,0.05356117869034792
278,0.05403242875368167
279,0.054241538506287795
280,0.05503776058172568
281,0.05487824036524846
282,0.054719711572696
283,0.05487340994370289
284,0.05473504005334316
285,0.05489287284704355
286,0.0547208200662564
287,0.05427367778924795
288,0.05412058249498025
289,0.05456012242879623
290,0.05442545184722314
291,0.05427261804923033
292,0.05412076375423334
293,0.05396960163727785
294,0.05410152841836978
295,0.05450903192544595
296,0.054649712183536626
297,0.0550543595583011
298,0.05488052261181367
299,0.05526748253748967
300,0.055112702877093585
301,0.05524078790958111
302,0.05481005234596057
303,0.054932850446456516
304,0.054510657756756516
305,0.054881774615018794
306,0.05473081500102312
307,0.054580835501352946
308,0.05443157782921424
309,0.05428291528652876
310,0.0543773169700916
311,0.054933510988186565
312,0.05503622324038775
313,0.05513339103796543
314,0.05494920641948015
315,0.05504489907851586
316,0.05511051874894362
317,0.05517564629897093
318,0.05525964712485289
319,0.05511088936756819
320,0.05517044174365508
321,0.05502252655151563
322,0.055295545779741724
323,0.055149770547182134
324,0.05518593818713457
325,0.05544340992585207
326,0.05529870161643395
327,0.05534804264704386
328,0.05520285765329997
329,0.05487324595451355
330,0.054918171962102254
331,0.05494975447654724
332,0.05480976532667111
333,0.054670763474244335
334,0.05453264804986807
335,0.05439520997878833
336,0.0542584634744204
337,0.054122299720079474
338,0.05414749215810727
339,0.05401380398334601
340,0.05388167897860209
341,0.054211137844966006
342,0.054077122455988176
343,0.054112289807735345
344,0.053979943654476066
345,0.05412734410701654
346,0.05386007474018977
347,0.053865836981015325
348,0.05373775011453873
349,0.05373789958464794
350,0.05373766529254424
351,0.05361348543411646
352,0.05362983498817835
353,0.05362885609651223
354,0.053505958502109235
355,0.05338411896656721
356,0.05326336377706283
357,0.05314333331890595
358,0.053024112872588326
359,0.05290574538402068
360,0.05289607307849786
361,0.05277987672732427
362,0.052665080015475936
363,0.052669378885856044
364,0.05243770419022976
365,0.05244056169803326
366,0.052213543959153
367,0.052317502865424526
368,0.05220698974071405
369,0.05209734791364425
370,0.05208785274089911
371,0.0519803001330449
372,0.05187420080869626
373,0.05195722213158241
374,0.051852371600958014
375,0.05174859196711809
376,0.05164581628946158
377,0.05154402087896298
378,0.051443095543445685
379,0.05142631179247147
380,0.05132725483331925
381,0.051229458435987814
382,0.05113300115634233
383,0.05103766047037565
384,0.05102138886084923
385,0.05092702278724084
386,0.05091745333793836
387,0.050825292330521805
388,0.05073403593821403
389,0.050643500609275624
390,0.05055380555299612
391,0.05046492417653402
392,0.05037687711226634
393,0.050289618968963626
394,0.05020310756487724
395,0.0500451616751842
396,0.050034452707339555
397,0.049950243876530576
398,0.049866864008781236
399,0.04971662882046822
400,0.04970435836376288
401,0.049557556097324075
402,0.04954514686877911
403,0.049401853787593354
404,0.04938882360091576
405,0.04924926574413593
406,0.04923551510541867
407,0.04909981764279879
408,0.049026756714551874
409,0.0489544642277253
410,0.04894021932895367
411,0.04881116946538289
412,0.04874119040293571
413,0.048671983297054584
414,0.04860338767369588
415,0.04853565188554617
416,0.04846867582736871
417,0.04840239943602146
418,0.048336904171185614
419,0.04831945865582197
420,0.04830608367919922
421,0.0481929647616851
422,0.04822520338571989
423,0.04816335332699311
424,0.04814577805690276
425,0.04804182220727969
426,0.04802456559279026
427,0.04796427855124841
428,0.04786442625216949
429,0.047847075645740214
430,0.047749749819437665
431,0.047732626627653076
432,0.04767787334246513
433,0.04769985431279892
434,0.047608005542021534
435,0.047591684414790225
436,0.047579166980890125
437,0.047526213755974406
438,0.04747401032692347
439,0.04742225576669742
440,0.047371292114257814
441,0.047320924661098385
442,0.047234157721201576
443,0.04725422859191895
444,0.04720591780466911
445,0.04715837652866657
446,0.0471114300764524
447,0.04706521156506661
448,0.04701963219887171
449,0.046974614338997085
450,0.046930317542491815
451,0.04688663589648712
452,0.04684351438131088
453,0.04680098707859333
454,0.04675893156956404
455,0.04671765978519733
456,0.04667679621623112
457,0.04663648987427736
458,0.04659684254572942
459,0.04655769941134331
460,0.04651906322210263
461,0.04648095461038443
462,0.046443420495742405
463,0.046430973976086344
464,0.04639424100900308
465,0.04635812624906882
466,0.046322555572558675
467,0.046287513849062795
468,0.04625311325757932
469,0.046219224349046364
470,0.04620946813852359
471,0.04617600868909787
472,0.046143037386429615
473,0.0460881538880177
474,0.04607892418519045
475,0.04604724324666537
476,0.04601605351154621
477,0.04600443503795526
478,0.045974315435458456
479,0.04594482000057514
480,0.04591565086291387
481,0.04588695061512482
482,0.045858656595914794
483,0.04583069896086668
484,0.0458031449562464
485,0.04577606182831984
486,0.04576748013496399
487,0.045739435232602633
488,0.04573143674777104
489,0.04570581729595478
490,0.045680553638018095
491,0.04565563813233987
492,0.045631156517909124
493,0.04560699524023594
494,0.04558307390946608
495,0.04555957989814954
496,0.04553649257390927
497,0.045513711067346425
498,0.045491223151867204
499,0.04546910264553168
500,0.045447391271591184
501,0.0454259285560021
502,0.045404803905731594
503,0.04538407631409474
504,0.045363598756301096
505,0.04534330994654925
506,0.045323446010931946
507,0.045303703577090536
508,0.045284244341728015
509,0.04526505714807755
510,0.04524621978784219
511,0.04522756338119507
512,0.04520923999639658
513,0.04519113393930289
514,0.045173422342691665
515,0.045155877944750664
516,0.04513860054505177
517,0.045121545975024886
518,0.0451047801054441
519,0.045088226520098175
520,0.04507208191431486
521,0.045065255501331426
522,0.04504950627302512
523,0.04503388114464588
524,0.045018531267459576
525,0.04501354877765362
526,0.04498849587562757
527,0.044983735451331504
528,0.04496906460859837
529,0.04495459535183051
530,0.04494032676403339
531,0.04493421025765248
532,0.04492039649914473
533,0.04490694235532712
534,0.04489354705199217
535,0.0448805312315623
536,0.04486751296581366
537,0.04485488610389905
538,0.04484228889147441
539,0.044830041053967595
540,0.04481792663916563
541,0.0448060107536805
542,0.044794337871747136
543,0.04478279367471353
544,0.044778679731564644
545,0.04476003081370623
546,0.04475615055133135
547,0.044744979876738325
548,0.04473408903831091
549,0.04472321669260661
550,0.04470588045242505
551,0.04470219230040526
552,0.044691798014518544
553,0.04467515976001055
554,0.04467159800040416
555,0.04466167642520024
556,0.04465193244127127
557,0.04463642621651674
558,0.04463297419058971
559,0.04462371010046739
560,0.044608939458162356
561,0.04460571255439367
562,0.04459686279296875
563,0.044582732977011263
564,0.044579684123014794
565,0.044571331066963
566,0.04455782006948422
567,0.04455935741082216
568,0.04455137527905978
569,0.044543542158909336
570,0.04453585361823058
571,0.04452823110115834
572,0.04452070242319352
573,0.044513444105784096
574,0.04450619174883916
575,0.04449905646152985
576,0.04449197481840085
577,0.04448491564163795
578,0.04447801006145966
579,0.04447125395139059
580,0.04446461414679503
581,0.04445792421316489
582,0.04445124620046371
583,0.04444486269584069
584,0.0444385595810719
585,0.04443233441083859
586,0.044426118716215476
587,0.04441999441538102
588,0.04441393873630426
589,0.044407991873912325
590,0.044402246444653244
591,0.044396569025822175
592,0.04439082665321154
593,0.04438529488367912
594,0.04437978084270771
595,0.04437442055115333
596,0.04436923005642035
597,0.04436396222848159
598,0.04435882140428592
599,0.04435383860881512
600,0.044348947971295086
601,0.04434403379758199
602,0.04433928330739339
603,0.0443344852863214
604,0.044329909483591716
605,0.04432538564388568
606,0.04432098758526337
607,0.04431665524458274
608,0.04431233283800957
609,0.04430805016786624
610,0.04430385950284126
611,0.044299799051040256
612,0.044295790867927745
613,0.04429183984414125
614,0.04428794597968077
615,0.04428429282628573
616,0.044280504874694045
617,0.04427692080155397
618,0.04427327712376913
619,0.044269676391895
620,0.04426617408410097
621,0.04426275568130689
622,0.04425929968173687
623,0.04425603946050008
624,0.04425281041707748
625,0.04424974719683329
626,0.04424668917289147
627,0.04424358774454166
628,0.044240518411000566
629,0.044237484840246345
630,0.04423459859994742
631,0.04423179855713477
632,0.044229031526125395
633,0.044226282987839136
634,0.04422372350325951
635,0.04422106498327011
636,0.04421851344597645
637,0.04421600317343687
638,0.04421360935920324
639,0.04421113286262904
640,0.044208802168185894
641,0.04420655385041848
642,0.044204332583989855
643,0.04420204116747929
644,0.044199871405577046
645,0.04419772640252725
646,0.04419554013472337
647,0.044193348517784704
648,0.04419116102732145
649,0.044189086021521155
650,0.04418695538471907
651,0.044184819398782195
652,0.04418283288295453
653,0.04418089512066963
654,0.04417893412785653
655,0.04417695769896874
656,0.04417494413180229
657,0.04417298986361577
658,0.044171132338352695
659,0.04416934588016608
660,0.04416750333248041
661,0.04416565268467634
662,0.04416392766512357
663,0.04416226148605347
664,0.044160637030234706
665,0.044158954192430544
666,0.044157228561548086
667,0.04415560211890783
668,0.044154039254555334
669,0.044152493660266585
670,0.04415091077486674
671,0.04414939620555976
672,0.04414784984710889
673,0.04414644501148126
674,0.044145034979551266
675,0.04414363151941544
676,0.04414220482875139
677,0.04414078639103816
678,0.04413941961068373
679,0.044138122369081545
680,0.044136857222288085
681,0.044135541640795195
682,0.04413422575363746
683,0.04413305123647054
684,0.04413184217917614
685,0.044130638776681365
686,0.04412939747174581
687,0.04412811276240226
688,0.044126842724971284
689,0.04412565750953479
690,0.04412449903977223
691,0.04412328432767819
692,0.04412204791338016
693,0.044120765802187795
694,0.044119566679000854
695,0.04411836144251701
696,0.044117156664530435
697,0.04411596059799194
698,0.04411476437862103
699,0.04411359077844864
700,0.044113029424960794
701,0.04411187523450607
702,0.04411075222186553
703,0.044109605520199505
704,0.04410854715567369
705,0.04410757636412596
706,0.044106608170729415
707,0.044105630196057836
708,0.044104614930275156
709,0.044103649946359486
710,0.04410265118647844
711,0.044101640047171174
712,0.04410066100267263
713,0.0440992256005605
714,0.044098269175260496
715,0.04409738091322092
716,0.04409645092793
717,0.04409593848081735
718,0.04409500207656469
719,0.0440940505419022
720,0.044093108635682325
721,0.04409222037364275
722,0.04409132095483633
723,0.04409040747544704
724,0.04408947382217798
725,0.04408852840081239
726,0.04408765312952873
727,0.04408674301245274
728,0.04408583335387401
729,0.044084942646515676
730,0.04408407226586953
731,0.04408319210394835
732,0.0440823420500144
733,0.044081510183138724
734,0.04408063827416836
735,0.04407977125583551
736,0.04407890622432415
737,0.044078085514215326
738,0.04407726174745804
739,0.04407641291618347
740,0.0440756068779872
741,0.04407485891611148
742,0.04407443297214997
743,0.04407370380866222
744,0.04407299298506517
745,0.04407229484655918
746,0.044071611685630604
747,0.044070980487725675
748,0.044070354944620374
749,0.04406970036335481
