,0
0,0.1440825008429014
1,0.1440673828125
2,0.1440452910386599
3,0.14400985852265968
4,0.14394330856127616
5,0.14376717668313246
6,0.1091657246534641
7,0.04170391208086258
8,0.039835790411019936
9,0.041085454668754184
10,0.038385973756129926
11,0.03801187353256421
12,0.03779108180449559
13,0.036239615770486684
14,0.03610138396422068
15,0.035334764612026705
16,0.034447967700469186
17,0.03403800374422318
18,0.03349381929788834
19,0.032556049258281025
20,0.03309742212295532
21,0.032971302821086006
22,0.032571075207147845
23,0.032043256362279254
24,0.031232379797177436
25,0.029926814635594687
26,0.03030604620774587
27,0.030483899513880412
28,0.029077199330696694
29,0.02906903807933514
30,0.02775151102970808
31,0.028485689102075037
32,0.027702066837212977
33,0.027966390206263615
34,0.027083168885646724
35,0.02738390977566059
36,0.027168976190762643
37,0.025812476109235715
38,0.025762985761349017
39,0.02545124827287136
40,0.02477398667580042
41,0.024858408402173945
42,0.025204567573009394
43,0.02379239125129504
44,0.023933301369349163
45,0.023236282819356673
46,0.022957303279485457
47,0.022957612153811334
48,0.022895617057115604
49,0.022888043904915834
50,0.022579765778321485
51,0.022773193090389936
52,0.02078399780469063
53,0.021601776434825016
54,0.02154571077762506
55,0.021218754847844443
56,0.020592634647320477
57,0.0208918721247942
58,0.020575855175654092
59,0.020146632958681156
60,0.02005706765712836
61,0.01864044345342196
62,0.01984180135604663
63,0.01980140759394719
64,0.01951301036736904
65,0.018850515286127727
66,0.01828397313753764
67,0.018738340720152243
68,0.018667565706448678
69,0.018515177414967464
70,0.017549153780325864
71,0.01761790957206335
72,0.017613802200708635
73,0.017182561678764148
74,0.017135201814847116
75,0.017261375372226422
76,0.017433477976383307
77,0.01586263577143351
78,0.016435191875849013
79,0.015949440002441407
80,0.015788802733788125
81,0.01635957360267639
82,0.016719788312911987
83,0.015989331404368083
84,0.015392239124347002
85,0.015017447410485683
86,0.016096552518697887
87,0.015204282907339243
88,0.015578774916820037
89,0.015165249353800064
90,0.015805444961939103
91,0.014694683368389423
92,0.015123922396928837
93,0.014458399552565355
94,0.014837127618300609
95,0.0151666338627155
96,0.014223992671722021
97,0.014965341641352726
98,0.014545498597316252
99,0.013935256921328031
100,0.013869226437348586
101,0.01319187207099719
102,0.013840588392355503
103,0.013869063365153778
104,0.013734869773571308
105,0.01373561116365286
106,0.01393865698423141
107,0.013704542471812322
108,0.013223771712718865
109,0.012957579508805887
110,0.012798346617282965
111,0.013245328267415365
112,0.013918242087730995
113,0.012734317473876171
114,0.013615722075486794
115,0.01279182907862541
116,0.012850753771953093
117,0.013094731936087975
118,0.013231039047241211
119,0.013631272621643849
120,0.013075793400788918
121,0.012949221714948996
122,0.01296816315406408
123,0.013308188701287294
124,0.012876243316210234
125,0.013373602506441947
126,0.012719444586680485
127,0.012996105505869939
128,0.012772786158781786
129,0.013607462247212728
130,0.01304352879524231
131,0.013408583861130934
132,0.012897712297928639
133,0.012850692180486826
134,0.01315926343966753
135,0.013372326050049219
136,0.012804028926751553
137,0.013060695697099734
138,0.012961392983412132
139,0.013166156946084438
140,0.013449808420279086
141,0.01345786941357148
142,0.013519021792289539
143,0.013457358341950637
144,0.01375034008270655
145,0.013249935706456502
146,0.01392505596845578
147,0.013672021413460756
148,0.013822143505781126
149,0.013968015481264162
150,0.014106771731987978
151,0.014417545764874189
152,0.014613424050502288
153,0.014574550665341891
154,0.014550131865036793
155,0.014165463050206502
156,0.01447357611778455
157,0.01523640751838684
158,0.0144794089671893
159,0.014992652795253655
160,0.014736910508229182
161,0.015191632814896413
162,0.015947452722451627
163,0.016337443926395512
164,0.01612590612509312
165,0.016642919717690885
166,0.015799089731314244
167,0.01672821640968323
168,0.017311423252790403
169,0.017023093883807842
170,0.01705258228839972
171,0.017259885256107037
172,0.01789587690280034
173,0.018440759487641165
174,0.01830063309424963
175,0.018934020017966246
176,0.018790702330760467
177,0.019509465724993975
178,0.019831551649631598
179,0.019817970043573625
180,0.02071595650452834
181,0.021243616403677525
182,0.021112604630299105
183,0.02212890569980328
184,0.0215613339191828
185,0.022891527567154322
186,0.02279594647578704
187,0.02271845417144971
188,0.023571321597466104
189,0.025167661905288696
190,0.02543547077056689
191,0.025170437953411003
192,0.02607603378784962
193,0.026075722468204988
194,0.026400294365027013
195,0.027135131297967373
196,0.028810952259944036
197,0.028567444666838034
198,0.028656097711660923
199,0.028858766647485587
200,0.029044826061297685
201,0.029077320526807737
202,0.03010202569839282
203,0.030435930154262446
204,0.03199235582963014
205,0.0324966902916248
206,0.03291020561487247
207,0.03287900334749466
208,0.03326049034412091
209,0.033868613762733264
210,0.033830752281042244
211,0.03491643957602672
212,0.034889982755367574
213,0.03559322097362616
214,0.035885038131322614
215,0.03733297341909164
216,0.037668064313057144
217,0.038401911503229386
218,0.03977963007413424
219,0.040313046864974195
220,0.040194668066807285
221,0.04001305592365754
222,0.04025285473236671
223,0.04073047622656211
224,0.04122483332951864
225,0.04249380551851713
226,0.044126615615991446
227,0.04466913036811046
228,0.045404345866961356
229,0.04622294413737762
230,0.045693802375059864
231,0.04586859467702034
232,0.04662353854912978
233,0.047814222941031825
234,0.04849703373053135
235,0.04894298529013609
236,0.049944328039120404
237,0.050236557385860345
238,0.050292546321184205
239,0.04999082333002335
240,0.05092691565171266
241,0.050878654687832564
242,0.05176281057871305
243,0.051632376206226835
244,0.05170978154891576
245,0.05243772986607674
246,0.05230961228028322
247,0.052184246136591984
248,0.05206077435077765
249,0.05241241241112733
250,0.052799378144435395
251,0.05267652487143492
252,0.052554165705656394
253,0.052092061440149946
254,0.0523065814605126
255,0.052187583996699406
256,0.052204575141270956
257,0.052845098880621104
258,0.05229490705025502
259,0.052605193089216185
260,0.05206706248796903
261,0.05249796081811954
262,0.05397977095383864
263,0.05468238943662399
264,0.05538164866276277
265,0.05564679075510074
266,0.05628842329367613
267,0.05656606891216376
268,0.05717063928261781
269,0.05711314326677567
270,0.05699213789059566
271,0.056872444427930394
272,0.05712881898268675
273,0.05739441009668204
274,0.057275254909808816
275,0.05752600782956833
276,0.0581181267897288
277,0.057995542196127084
278,0.058909344520324314
279,0.059519295967542206
280,0.05903893617483286
281,0.059611433285933275
282,0.05949087326343243
283,0.059372020684755764
284,0.059585021856503606
285,0.05913802752128014
286,0.059021394833540304
287,0.05921933712103428
288,0.05943588339365446
289,0.05963970651993385
290,0.059508217909397226
291,0.06002411261582986
292,0.0605311896556463
293,0.060737162217115746
294,0.06057947690670307
295,0.06078450205998543
296,0.06095475646165701
297,0.06114869270569239
298,0.06103710746153807
299,0.060926491786272095
300,0.06081670904770876
301,0.06070763071378072
302,0.060867915398035294
303,0.061029384992061515
304,0.06065429586630601
305,0.060816551171816315
306,0.060709649324417116
307,0.06111121070690644
308,0.06125144224900466
309,0.06163483430177737
310,0.06175726560445932
311,0.061649746008408376
312,0.06177824842624175
313,0.0616824603997744
314,0.06180605246470525
315,0.06215972778124687
316,0.06205874681472778
317,0.06217360527087481
318,0.06229280432065328
319,0.0621954878171285
320,0.0622941547479385
321,0.06219669014979631
322,0.06210187016389309
323,0.062200229443036596
324,0.06228165198595096
325,0.06256714646632855
326,0.06247685689192552
327,0.06238759649105561
328,0.062299288389010304
329,0.06238910189041724
330,0.06212332294537471
331,0.062037037580441205
332,0.06229497362405826
333,0.06220899575795883
334,0.062123707318917296
335,0.06219628178156339
336,0.06195333875142611
337,0.06203072239191104
338,0.06226105200938689
339,0.06217833298903245
340,0.062097248969933926
341,0.06216814395708915
342,0.062233547369639076
343,0.062154329128754446
344,0.06221624857340104
345,0.06213659048080444
346,0.06233900907712105
347,0.062262146289532
348,0.06245080553568327
349,0.062375898697437385
350,0.06243723936569996
351,0.062363005448610356
352,0.062411786348391805
353,0.06246356413914607
354,0.06239078136590811
355,0.062431553235420816
356,0.062482800239171736
357,0.062411058713228273
358,0.062339890461701616
359,0.0622692760748741
360,0.0620858018214886
361,0.06213259376012362
362,0.062063831855089235
363,0.06209958210969583
364,0.062137518173609026
365,0.06218294226206266
366,0.062118521409156996
367,0.062160147764743906
368,0.062088795961477816
369,0.06213192160312946
370,0.062162682031973816
371,0.06210058148090656
372,0.06214146629357949
373,0.06208112453803038
374,0.062021428040969065
375,0.06196238520817879
376,0.0619039060213627
377,0.06193107519394312
378,0.061874183477499546
379,0.06181823259744889
380,0.061763161573654565
381,0.061792701788437675
382,0.06173739662537208
383,0.061682624847461016
384,0.06162847265219077
385,0.061574870500809106
386,0.061521817781986336
387,0.06139396872275915
388,0.06141918164033156
389,0.061367771258720984
390,0.061316955395233935
391,0.06119562494449127
392,0.061218752616491075
393,0.06116955647101769
394,0.06112086360271161
395,0.06100612939932407
396,0.061026974824758676
397,0.06097993438060467
398,0.06086976910248781
399,0.060889130983597196
400,0.06078160206476847
401,0.06080037615238092
402,0.06081622579158881
403,0.06077380944520999
404,0.06073195139567057
405,0.06075223684310913
406,0.06064935097327599
407,0.06066897480915754
408,0.0606272802903102
409,0.06052872416300651
410,0.06054693857828776
411,0.06045097066805913
412,0.06046857130833161
413,0.060427754353254266
414,0.060446361700693764
415,0.0605110947902386
416,0.060474739930568594
417,0.060484914901929025
418,0.06044904788335164
419,0.06046558526846079
420,0.060431024355766104
421,0.06039694058589446
422,0.06036333930798066
423,0.060330187510221435
424,0.060297445761851774
425,0.06026513011027605
426,0.06031756232946347
427,0.06028590599695841
428,0.060254680957549656
429,0.060223892560371986
430,0.0601935088634491
431,0.06016351993267353
432,0.06013390742815458
433,0.06010469840123103
434,0.06015245685210595
435,0.06012393923906179
436,0.06009580936187353
437,0.06006806584504935
438,0.06004070150546539
439,0.0600137010598794
440,0.05998703180215298
441,0.05996077824861575
442,0.0599348566471002
443,0.059909301690566234
444,0.05988406661229256
445,0.059859187175066046
446,0.05983463464639126
447,0.05983942731832847
448,0.059815604870135965
449,0.059792172603118116
450,0.05976910820374122
451,0.05974646332936409
452,0.0597241358879285
453,0.05970210815087343
454,0.059680514763563106
455,0.059659270751170626
456,0.059638351966173224
457,0.05961770766820663
458,0.0595974128979903
459,0.05957740805087945
460,0.05955767478698339
461,0.05953825865036402
462,0.059519186386695275
463,0.05950042422001178
464,0.05948196985782721
465,0.0594637305308611
466,0.05944577394387661
467,0.059428135248330925
468,0.05941071189366854
469,0.059414114707555525
470,0.05937673418949812
471,0.059380226868849535
472,0.059363506237665814
473,0.05932791171929775
474,0.05933129604046161
475,0.05931536050943228
476,0.05929970175792009
477,0.05926630435845791
478,0.059269495346607304
479,0.05925462184808193
480,0.059240008164674805
481,0.05922566743997427
482,0.05921158439073807
483,0.0591977440393888
484,0.059201581203020534
485,0.059188192777144606
486,0.059174974300922493
487,0.05916200142640334
488,0.05914925611936129
489,0.05913664515201862
490,0.059124272908919896
491,0.05911213877873543
492,0.05910016481692974
493,0.05908839595623505
494,0.059090251494676636
495,0.059078694001222266
496,0.05906732907662025
497,0.059056152288730325
498,0.05904518503409165
499,0.059034353036146896
500,0.05902379124592512
501,0.05901335386129526
502,0.05900308306400592
503,0.05899306856668912
504,0.05898308845666739
505,0.058973386043157335
506,0.058963816441022436
507,0.05895438484656505
508,0.058945064361278825
509,0.05893580623162099
510,0.05892672110826541
511,0.058917677708161184
512,0.05890880731435923
513,0.058900033357815865
514,0.05889144295301193
515,0.05888298566524799
516,0.05887463994515248
517,0.05886643895736107
518,0.05885845850675534
519,0.05885053017200568
520,0.058842714169086555
521,0.05883504977593055
522,0.05882759369336642
523,0.05882023603488237
524,0.058812902982418355
525,0.05880565215379764
526,0.058798502041743354
527,0.05879143155538119
528,0.05878443610973847
529,0.0587775238049336
530,0.05877074385300661
531,0.05876401234895755
532,0.058757472038269046
533,0.058751017619401984
534,0.05874462739015237
535,0.05873835820418138
536,0.058732199057554585
537,0.05872617593178382
538,0.05872027996258858
539,0.05871444161121662
540,0.058714968118912136
541,0.05870302594625033
542,0.05870351501000233
543,0.05869205960860619
544,0.05869259100693923
545,0.05868145181582524
546,0.058681806998375136
547,0.05867086817056705
548,0.05867116909760695
549,0.05866062304912469
550,0.05866092244784037
551,0.058650628878520086
552,0.05865085904414837
553,0.05864084011469132
554,0.058641067682168424
555,0.058631357627037244
556,0.0586316507596236
557,0.05862700694646591
558,0.05861781743856577
559,0.058618101248374355
560,0.05860916146865258
561,0.058609426938570464
562,0.05860515618935609
563,0.05859668346551748
564,0.05859695688272134
565,0.058592908046184444
566,0.05858497008299216
567,0.05858532006923969
568,0.05857764834012741
569,0.05857796286925292
570,0.05857428770798903
571,0.05856695557251955
572,0.058567295930324455
573,0.05856388211250305
574,0.05855693068259801
575,0.05855732101660508
576,0.0585541538703136
577,0.05854761554644658
578,0.05854803369595454
579,0.058544914233378875
580,0.058541756715530004
581,0.05853541585115286
582,0.05853554071524204
583,0.05853248926309439
584,0.058529423903196286
585,0.058523464050048435
586,0.05852360939368224
587,0.058520751427381466
588,0.05851795092607156
589,0.05851233219489073
590,0.058512558998205726
591,0.05850994403545673
592,0.05850723401094094
593,0.05850199965330271
594,0.05850212176640828
595,0.05849954806841337
596,0.05849705369044573
597,0.05849459232428135
598,0.05848971360769027
599,0.05848988921214373
600,0.05848758618036906
601,0.05848534030792041
602,0.058483165502548215
603,0.058478816350301104
604,0.05847899027359791
605,0.0584769531702384
606,0.05847500027754368
607,0.05847092500099769
608,0.058471069427636954
609,0.058469092540251906
610,0.05846716944987957
611,0.058465201885272294
612,0.058463332591912685
613,0.0584614770534711
614,0.058457822983081525
615,0.05845797780232552
616,0.05845629496452136
617,0.05845460983423086
618,0.05845302450351226
619,0.058451408911974
620,0.05844819240081005
621,0.05844841874562777
622,0.05844697081125699
623,0.05844557010210477
624,0.058444180091222125
625,0.05844135269140586
626,0.05844163451439295
627,0.05844041964946649
628,0.058439204326042764
629,0.05843794406988682
630,0.05843529441417792
631,0.058435578223986505
632,0.058434443137584585
633,0.05843339165051778
634,0.05843227200019054
635,0.05842990493163085
636,0.05843029847511878
637,0.05842932004194993
638,0.05842844935563894
639,0.058427565678572047
640,0.0584266463915507
641,0.058424561910140206
642,0.05842500497133304
643,0.05842416561566866
644,0.05842340160638858
645,0.058421538120661025
646,0.0584219461832291
647,0.05842240208234543
648,0.05842158824969561
649,0.058420814611972904
650,0.05842000108498793
651,0.058419181750370905
652,0.05841837051587227
653,0.058417580677912785
654,0.05841678717197516
655,0.05841599351320511
656,0.05841521315085582
657,0.058414444556603065
658,0.05841373388583843
659,0.058412992495756884
660,0.05841217086865352
661,0.058411277410311574
662,0.05841047687408252
663,0.058409622235175894
664,0.05840875506401062
665,0.058407821410741564
666,0.05840687002891149
667,0.0584060285335932
668,0.058405133394094616
669,0.0584042122730842
670,0.05840323704939622
671,0.05840223813668276
672,0.05840133092342279
673,0.0584003916153541
674,0.058399488375737114
675,0.05839854631668482
676,0.058397499720255534
677,0.058396509824654996
678,0.058395531085821295
679,0.05839452972778907
680,0.05839357269115937
681,0.05839258111440218
682,0.058391546744566696
683,0.05839062149708087
684,0.058389739042673354
685,0.05838886254873031
686,0.05838803939330272
687,0.05838721134723761
688,0.058386339285434824
689,0.058385457136692145
690,0.0583846498758365
691,0.05838385484157464
692,0.05838303443713066
693,0.05838223909720396
694,0.05838148104838836
695,0.0583807049653469
696,0.05837996158844386
697,0.05837926222727849
698,0.05837864264463767
699,0.05837803544142307
700,0.05837742686271667
701,0.05837681858967512
702,0.058376192588072556
703,0.05837561931365576
704,0.05837506392063239
705,0.05837453939975836
706,0.058374055685141146
707,0.05837362683736361
708,0.05837315382101597
709,0.05837269257276486
710,0.058372196478721425
711,0.058371694882710774
712,0.058371207194450575
713,0.0583707713163816
714,0.05837041093752934
715,0.0583700846403073
716,0.0583698292573293
717,0.05836962415621831
718,0.05836941171915103
719,0.05836916351929689
720,0.0583689150137779
721,0.05836863548327715
722,0.05836829925194765
723,0.05836794284673837
724,0.05836761410419757
725,0.05836735642873324
726,0.058367204207640425
727,0.058367123359288925
728,0.05836699971785912
729,0.05836679843755869
730,0.05836656170013623
731,0.0583662931735699
732,0.05836595541391617
733,0.05836557975182166
734,0.058365103220328306
735,0.058364608501776674
736,0.058364121272013736
737,0.05836364840849852
738,0.05836321512858073
739,0.05836280492635874
740,0.05836245310612214
741,0.05836215401307131
742,0.058361869286268186
743,0.058361599384210046
744,0.05836126957184229
745,0.05836091041564941
746,0.05836057739380079
747,0.05836019256176093
748,0.0583597922936464
749,0.05835934938528599
