,0
0,0.08952839702803594
1,0.07550975395674751
2,0.0722721437099748
3,0.06650272886215064
4,0.06057372766316313
5,0.056166392474397774
6,0.05457020072857491
7,0.05319612999099683
8,0.051801037759585784
9,0.05096697422100428
10,0.05051476682677346
11,0.050089606999655444
12,0.049759872677550915
13,0.04946385067232768
14,0.04913500752684344
15,0.048895389834722615
16,0.048642867097432596
17,0.04848003029787483
18,0.04821413126303994
19,0.047913266221309106
20,0.047687495517684746
21,0.047960387008657936
22,0.047474677610294655
23,0.047646131651858104
24,0.04718279428839779
25,0.04725590764476995
26,0.04713883565760065
27,0.04730460911153223
28,0.04755784454095052
29,0.04726384188920164
30,0.04729607927833851
31,0.04737664048339073
32,0.04723581866083595
33,0.04709512547848042
34,0.04695565172796472
35,0.046638570587413435
36,0.0465157526522839
37,0.04713867795840204
38,0.04703468525370296
39,0.0469006005288042
40,0.046817239936027384
41,0.04675262123245585
42,0.04659262804362254
43,0.046741922351401836
44,0.046471318396036694
45,0.04683910222231181
46,0.04677919588135317
47,0.046953371836309835
48,0.047101504384007946
49,0.04717254544845603
50,0.04708614834287288
51,0.04697080936744803
52,0.04713428675940332
53,0.04725925377779043
54,0.04698527567732246
55,0.04717208836376906
56,0.04752269694962216
57,0.04761361388671689
58,0.047477686548910034
59,0.04767137699553785
60,0.0479717499962881
61,0.04772207937233198
62,0.04798325686599874
63,0.04802004877524152
64,0.04808733437450242
65,0.04814158262101372
66,0.04825266854022629
67,0.04819606276421557
68,0.048355492936193165
69,0.04807368157631479
70,0.04834468553726299
71,0.048214892148135756
72,0.04779403171500561
73,0.04804219583524033
74,0.04785292514096886
75,0.04744532683704538
76,0.047864272668047284
77,0.04778186798010631
78,0.04766936807843591
79,0.047564483165908125
80,0.04745300735193245
81,0.047511789905584946
82,0.047803836463478945
83,0.047805226941664634
84,0.04774573822401297
85,0.04764663076575977
86,0.047711253060678686
87,0.04760416340663468
88,0.047498002662084614
89,0.047392845010229695
90,0.04728869880857065
91,0.04718564238999254
92,0.04723205167176321
93,0.047381887295733366
94,0.04720775067092827
95,0.047449813591829766
96,0.04735048505991029
97,0.04725717767283547
98,0.047159632646481695
99,0.04711937525739463
100,0.04702269056131347
101,0.04692714848568311
102,0.0469746583699583
103,0.0471374932769089
104,0.04684358726416786
105,0.04710045712826496
106,0.047060792674743335
107,0.046972676946554714
108,0.04707703805302467
109,0.0467433835421756
110,0.046843439478237624
111,0.047023090505853106
112,0.04693409671045419
113,0.04693589846003586
114,0.04690272488970106
115,0.04732106154600236
116,0.04743081360774783
117,0.0471588999118047
118,0.04732177620305895
119,0.047233670620633536
120,0.04709662607033701
121,0.04701490688812322
122,0.046759742854042906
123,0.047035666625313936
124,0.047134680413933566
125,0.04687973322161736
126,0.04680650901968758
127,0.04694523886771491
128,0.04665552892987855
129,0.04677438589286071
130,0.046509533190132624
131,0.0468564795665234
132,0.047079048530903465
133,0.04703493169396936
134,0.04724159630419215
135,0.04717237414039958
136,0.04720907498305258
137,0.047144201616249166
138,0.04725763047925004
139,0.0471808313851794
140,0.046946136756032965
141,0.04705638270914698
142,0.04708650070085871
143,0.04712806076138991
144,0.04740169549439974
145,0.04716662093265674
146,0.04719988264692709
147,0.04730504665043181
148,0.04733451435308663
149,0.04727566443586674
150,0.04737140053046646
151,0.047244720928929146
152,0.04734423822153939
153,0.04743720276201202
154,0.047223753824483794
155,0.04716738745516453
156,0.04725726474798882
157,0.04705247497820379
158,0.04699857499277315
159,0.04716446102687862
160,0.047109714754072066
161,0.047055803391730225
162,0.047002567328327596
163,0.046950099080612956
164,0.04689837272804326
165,0.04692467971393713
166,0.04700287448388572
167,0.04695050444708427
168,0.046971043932773265
169,0.0469236270570829
170,0.04687686263731358
171,0.04701283532961567
172,0.04703375694717952
173,0.04705514222894122
174,0.047128379805638894
175,0.047257006609064636
176,0.04721116177657118
177,0.0472273541622622
178,0.047183969259435216
179,0.04714126661807919
180,0.04719269827264958
181,0.0472065474141019
182,0.047165172693367376
183,0.04712430596357593
184,0.04708399713951318
185,0.047044275378068094
186,0.047005024303395586
187,0.04696635661575083
188,0.04692818694210683
189,0.046890597686302875
190,0.04685350920175178
191,0.046816952088071656
192,0.04678088389366913
193,0.046745292482097654
194,0.046710201684170616
195,0.046675681319380276
196,0.046641592942894654
197,0.04660797272092448
198,0.04657486658006047
199,0.046542211597671926
200,0.046510095581582464
201,0.046478383235919934
202,0.04651511020074861
203,0.046414831017785055
204,0.04645035671180547
205,0.04635330845168284
206,0.04632402409602387
207,0.046358466741796105
208,0.046265358221344054
209,0.04638134901970028
210,0.04635381292162212
211,0.04632677397248932
212,0.046356119943830446
213,0.04632868443993338
214,0.046301623438828245
215,0.04627504088200975
216,0.0462488497656476
217,0.04625829963298225
218,0.04623379163266434
219,0.04620964133396345
220,0.04618589269274918
221,0.0462154835102865
222,0.04613874313430502
223,0.04616802258996102
224,0.04614402892572495
225,0.046120434464253963
226,0.046048066406868975
227,0.046075933375873436
228,0.046053408877308424
229,0.04603125949894699
230,0.04600944916735618
231,0.04594233273438966
232,0.04596832262155098
233,0.045947554231418344
234,0.04592713267178251
235,0.045907004637858614
236,0.04588729134575727
237,0.045867809040161474
238,0.04584868550569249
239,0.04578915159844865
240,0.045812357776165484
241,0.045794080280794354
242,0.04577610823713864
243,0.04575837595169641
244,0.04574095944587428
245,0.045723828811288766
246,0.04570694189115341
247,0.04569035630959731
248,0.045698572685983097
249,0.045682975466852675
250,0.04566768686024424
251,0.045652709195639594
252,0.04563788043526121
253,0.04562329829861529
254,0.04560890143770032
255,0.04559478900471452
256,0.0455808538176382
257,0.04556713194887822
258,0.04555363032902675
259,0.04554033389797088
260,0.04552721215594106
261,0.04551430966713293
262,0.04550164962002339
263,0.04548914807039695
264,0.04547689407213103
265,0.04549360915105073
266,0.045452479295169886
267,0.045468646122436694
268,0.04542886119885131
269,0.04544449978812526
270,0.04540593809812354
271,0.04542114389820572
272,0.04538370278568413
273,0.045398439701873426
274,0.04536223597720098
275,0.04537651388404461
276,0.045341383584757124
277,0.04535522540965571
278,0.045321189385886564
279,0.04533461310171473
280,0.045301623539163324
281,0.04531467258235259
282,0.04528262182258261
283,0.04529533453482704
284,0.04528548107116305
285,0.04525512902951166
286,0.045280489502049305
287,0.04527162292357295
288,0.045262959787251957
289,0.04525443293668781
290,0.04524602207776087
291,0.04523770698265602
292,0.04522960053977724
293,0.045221561674164454
294,0.04521370057597941
295,0.045205891410259005
296,0.045198217971931
297,0.045190674424669945
298,0.045183249491040044
299,0.04517593121966526
300,0.04516876035852011
301,0.045161725396591905
302,0.04515476924388144
303,0.04514790262022497
304,0.045141149398375255
305,0.04513453519425522
306,0.04512803115671536
307,0.04512161100253415
308,0.04511524601376807
309,0.0451089802286916
310,0.045102893756493595
311,0.04509682826166495
312,0.0450908024086414
313,0.04508499843784823
314,0.045079255923300456
315,0.045073583017055614
316,0.04506803514571705
317,0.0450625032858135
318,0.04505707663028704
319,0.04505176156175693
320,0.045046551346343056
321,0.04504139429026952
322,0.04503624994936101
323,0.045031283255547096
324,0.04502641996812786
325,0.04502151453724274
326,0.04501671905820377
327,0.045012066296084625
328,0.04500744808588374
329,0.04500286589057233
330,0.045004812757579844
331,0.04500039410628081
332,0.04499602938526608
333,0.04500191191850134
334,0.04499754105748322
335,0.04499336853412574
336,0.044989231939558894
337,0.04498510005023957
338,0.0449811110761752
339,0.04497711670447666
340,0.04497320875673792
341,0.04496941309427758
342,0.04496561962459964
343,0.04496196780864688
344,0.044958274700389336
345,0.044954697101806794
346,0.044951103297549144
347,0.04494766908211228
348,0.044944188978152874
349,0.044940834565577695
350,0.044937532327663246
351,0.04493422632668882
352,0.044931074264996616
353,0.04492784586738055
354,0.0449247925469069
355,0.0449216531512017
356,0.0449186956418905
357,0.04491565837494981
358,0.044912733507300844
359,0.044909904301106834
360,0.04490701440641155
361,0.04490428338684022
362,0.04490148086676923
363,0.04489880139590241
364,0.044896177304699685
365,0.04489351850635826
366,0.04489098406866572
367,0.044888448096492374
368,0.04488596323891005
369,0.04488353937554982
370,0.044881053524855254
371,0.044878662064468534
372,0.04487637411832857
373,0.04487404065006651
374,0.04487174600331062
375,0.044869578739878936
376,0.04486728795740279
377,0.04486522012349525
378,0.044863058765715835
379,0.04486095284556564
380,0.044858876240099425
381,0.044856896430223385
382,0.04485493835243874
383,0.04485287104049721
384,0.04485097180944509
385,0.04484913189811871
386,0.04484725630310818
387,0.04484534170672608
388,0.044843538200411086
389,0.044841868309445906
390,0.044840085388382134
391,0.04483828676210788
392,0.044836628236934746
393,0.044834978284518746
394,0.04483337795454412
395,0.04483164556754323
396,0.04483008957453048
397,0.044828548348502806
398,0.04482706893404844
399,0.044825452277645804
400,0.04482394465340827
401,0.044822506556281436
402,0.044821059922478756
403,0.044819719747801384
404,0.044818227689187876
405,0.04481690463457758
406,0.04481551727856127
407,0.04481421465719065
408,0.04481291997915086
409,0.04481154285574284
410,0.04481029235037754
411,0.04480906402011617
412,0.0448078463127156
413,0.04480668230889699
414,0.04480548458149991
415,0.044804215788033806
416,0.04480306282535028
417,0.04480195819543531
418,0.04480090483314901
419,0.04479982846991893
420,0.04479873933906231
421,0.04479758115100991
422,0.04479652344747685
423,0.044795482048096184
424,0.04479448349205389
425,0.04479352067245576
426,0.044792600557393134
427,0.044791673152791096
428,0.04479059165336926
429,0.044789616123755246
430,0.04478872328450402
431,0.0447878472145814
432,0.04478694832244237
433,0.04478607892181175
434,0.044785272021992846
435,0.04478443023093487
436,0.04478349385048764
437,0.04478261137205081
438,0.04478180851945534
439,0.04478107822744791
440,0.04478030101208088
441,0.044779543495902685
442,0.04477882906958724
443,0.0447781185589683
444,0.04477734565018461
445,0.044776555169590164
446,0.04477579121717449
447,0.0447750625693096
448,0.04477432508212634
449,0.04477364921536392
450,0.04477299860341307
451,0.04477240559301721
452,0.0447717967931217
453,0.04477119926984111
454,0.04477063121318142
455,0.044769919119911114
456,0.04476930017609937
457,0.044768694406621554
458,0.04476812996659786
459,0.04476749258058426
460,0.04476692372983775
461,0.044766343977803796
462,0.04476579589551338
463,0.04476524560715263
464,0.04476471302843539
465,0.04476421655719885
466,0.044763744578290826
467,0.044763211995319956
468,0.044762633846907054
469,0.044762131890568595
470,0.044761670923803766
471,0.04476124189991074
472,0.04476078284597651
473,0.04476036637102086
474,0.044759938947241514
475,0.044759527627619
476,0.04475909698465749
477,0.04475867670307008
478,0.04475826004289467
479,0.04475783577158253
480,0.044757405541895424
481,0.04475698440614789
482,0.0447565548983104
483,0.04475595234077609
484,0.04475547394443614
485,0.044755025302248
486,0.044754581708417764
487,0.04475422375089226
488,0.044753894818355684
489,0.044753561253832556
490,0.04475326137695587
491,0.04475297390868386
492,0.04475272228412975
493,0.04475244107500961
494,0.0447522371868194
495,0.0447519699893653
496,0.04475169703797199
497,0.04475142092579074
498,0.044751155282294626
499,0.04475087430802001
500,0.04475058044362157
501,0.044750327296526685
502,0.044750029480425065
503,0.044749753960506775
504,0.04474928957314636
505,0.04474891134502683
506,0.04474856150399995
507,0.04474819770011191
508,0.0447478492717775
509,0.044747477166245705
510,0.044747143983654376
511,0.04474685029130435
512,0.044746535566175735
513,0.04474624377012683
514,0.04474594863008511
515,0.0447457025480197
516,0.044745472055234506
517,0.04474525570747061
518,0.04474507721002178
519,0.04474493990986584
520,0.044744805011223666
521,0.04474469663826032
522,0.04474461160656901
523,0.044744524891482285
524,0.044744447889313914
525,0.04474435699372314
526,0.04474429678662907
527,0.04474419015586579
528,0.04474408514140986
529,0.04474396036123672
530,0.044743836931257434
531,0.044743695628989
532,0.044743572716983274
533,0.04474342693992628
534,0.04474326647797194
535,0.044743133264851985
536,0.04474280671700119
537,0.04474253719717336
538,0.044742292899620506
539,0.04474206751343818
540,0.04474180811942997
541,0.04474154291058837
542,0.04474130761466371
543,0.04474109001468885
544,0.04474084110649225
545,0.04474059150166935
546,0.04474038681976545
547,0.04474019208334935
548,0.04473996795605695
549,0.044739779089696896
550,0.044739625576431324
551,0.044739479514007544
552,0.044739300645261
553,0.04473915070131905
554,0.044738996561574866
555,0.04473888364259321
556,0.04473874593102851
557,0.04473860286331425
558,0.04473849371768152
559,0.04473837442096854
560,0.04473826326015674
561,0.04473811592458962
562,0.04473798165682894
563,0.0447378674414582
564,0.04473776666743036
565,0.044737647898951904
566,0.04473753915607141
567,0.04473742463212544
568,0.044737345416498826
569,0.04473727062972895
570,0.04473722012592659
571,0.04473714444537062
572,0.04473706027716756
573,0.044736990191263315
574,0.04473692790294687
575,0.04473687717198538
576,0.044736822768568225
577,0.044736759556167856
578,0.04473668706979459
579,0.04473661902018835
580,0.044736561911383595
581,0.04473652054722874
582,0.04473647547479814
583,0.04473646028215089
584,0.04473647618903599
585,0.04473648155033469
586,0.04473649756102345
587,0.044736566744335834
588,0.044736641536478716
589,0.044736708588345955
590,0.044736787969864404
591,0.04473690097138154
592,0.04473701092080237
593,0.044737085916224315
594,0.04473714859057695
595,0.044737214063747956
596,0.04473725017279578
597,0.044737292245740835
598,0.04473731767025012
599,0.04473738667796939
600,0.044737421023996714
601,0.04473745542420194
602,0.044737436070900936
603,0.04473739905545536
604,0.04473727026899071
605,0.04473711843968023
606,0.04473698936799804
607,0.04473687430003431
608,0.044736766224153915
609,0.04473665541654322
610,0.044736550716557896
611,0.04473644061512553
612,0.044736307344059104
613,0.04473617153304916
614,0.04473604384592573
615,0.04473592198281459
616,0.044735785358763026
617,0.044735655510493626
618,0.044735519941567846
619,0.04473541307704111
620,0.0447353055621557
621,0.0447351987051288
622,0.04473510054130412
623,0.04473500409199355
624,0.04473489464170341
625,0.044734766792605976
626,0.04473464700944859
627,0.044734533942597084
628,0.04473442467827296
629,0.04473429524939722
630,0.0447341789306031
631,0.04473408005731658
632,0.044733977135127556
633,0.044733863247398774
634,0.044733744192210274
635,0.04473364069824292
636,0.04473352696442863
637,0.04473341733772451
638,0.044733300247492315
639,0.044733182710180515
640,0.04473304035222659
641,0.044732887048657854
642,0.04473275477943482
643,0.04473262177586245
644,0.044732493544683956
645,0.04473237552424857
646,0.044732263695018794
647,0.044732171491845156
648,0.04473208187484535
649,0.044731994380410284
650,0.04473191241118818
651,0.044731820583080825
652,0.04473174947212474
653,0.044731666079613396
654,0.04473155538703745
655,0.04473145778984196
656,0.04473137108367295
657,0.04473129201196104
658,0.044731203199495584
659,0.04473111919565455
660,0.04473104713449571
661,0.04473095999818701
662,0.04473085171093072
663,0.04473076661991236
664,0.0447307036204177
665,0.04473064555230592
666,0.04473060437131864
667,0.04473057216904962
668,0.04473056577157993
669,0.044730570770424
670,0.04473059236412295
671,0.04473061452646596
672,0.044730637603676696
673,0.04473065725268008
674,0.04473067539347073
675,0.04473068527172123
676,0.04473069333758665
677,0.04473069847418885
678,0.04473070295289523
679,0.04473069735320631
680,0.044730693476426844
681,0.04473068783856714
682,0.04473067850444633
683,0.04473066936241081
684,0.04473065186220293
685,0.044730637590878475
686,0.04473060330406625
687,0.044730574367358944
688,0.044730550821464606
689,0.04473053219814737
690,0.04473051063444776
691,0.04473050159341745
692,0.044730487743613476
693,0.04473045537134823
694,0.04473042402059013
695,0.044730408975402286
696,0.04473040127699138
697,0.04473039798781079
698,0.04473040705984787
699,0.04473043670131562
700,0.04473047173654404
701,0.04473050700318522
702,0.04473054361890088
703,0.04473057480540891
704,0.044730607196628955
705,0.04473064400685521
706,0.04473066891854008
707,0.04473069043418106
708,0.04473070824815062
709,0.04473071805491017
710,0.044730726261742605
711,0.04473072865333121
712,0.04473072766723374
713,0.044730726489200234
714,0.04473071931801641
715,0.04473071490512946
716,0.04473069646897224
717,0.04473068519978253
718,0.04473067020310107
719,0.04473065650418926
720,0.04473063999082511
721,0.04473062045782661
722,0.044730610214211104
723,0.044730597018944815
724,0.044730585713823066
725,0.04473056929777018
726,0.04473055876098955
727,0.04473054529890084
728,0.044730534406307226
729,0.04473052630350233
730,0.04473051633372401
731,0.044730515284381676
732,0.04473050604958702
733,0.04473050321812013
734,0.044730497727384015
735,0.044730497127695855
736,0.044730494959535114
737,0.04473049405462986
738,0.04473049341841266
739,0.04473049293487864
740,0.04473049145711299
741,0.0447304890273909
742,0.0447304879183484
743,0.04473049030881763
744,0.044730490040987766
745,0.044730489572826534
746,0.04473048881138824
747,0.044730487006726875
748,0.044730485592355346
749,0.0447304846013326
