,0
0,0.11928136218369055
1,0.08001988744139313
2,0.07533481825943078
3,0.07214010421601602
4,0.0666378959082067
5,0.06138114882446527
6,0.056892572520920136
7,0.05495419489363065
8,0.053326460428592654
9,0.05187945832958809
10,0.05128631103001774
11,0.050554495311725754
12,0.050109614536594536
13,0.04969324658036035
14,0.0494319308017088
15,0.04901447801997002
16,0.04874844258048166
17,0.048575215211111265
18,0.04872314889291421
19,0.04824612964234219
20,0.0483081951773224
21,0.04792684412549044
22,0.04799854911204117
23,0.04799625960813734
24,0.047824110120881155
25,0.04767033740048273
26,0.04779200946467403
27,0.04794560726961488
28,0.04802098773115386
29,0.047922996499199566
30,0.047772704425957414
31,0.04765875414088488
32,0.047510272905809614
33,0.047362986209247115
34,0.04712252111863703
35,0.047488294279565496
36,0.04746422061399267
37,0.04744016775549449
38,0.047294472908535494
39,0.047153510526792765
40,0.04698654431745243
41,0.04717941846883593
42,0.04678500118612786
43,0.046918563190131234
44,0.04683021805204379
45,0.047144138323216254
46,0.047190385097816874
47,0.0473428350504643
48,0.0473811160622296
49,0.04724842046263616
50,0.04744692634812031
51,0.047555070790501
52,0.047660124130794804
53,0.04712996918331975
54,0.04755726763407718
55,0.0475518990752626
56,0.04762456426021974
57,0.047760967862977385
58,0.04791609400365418
59,0.04809356144288382
60,0.0483724705391162
61,0.04825206285735103
62,0.04819803492342217
63,0.04826097332750065
64,0.048326911020483705
65,0.04843048668794486
66,0.04807009473740599
67,0.04817859562000451
68,0.04847213816564106
69,0.04826976184215313
70,0.048141248274642306
71,0.048049510487964235
72,0.04792486185906455
73,0.047921474706881545
74,0.047902939017065084
75,0.047795605276135175
76,0.048029710367271224
77,0.047549183205895434
78,0.04767800421888331
79,0.04791290280409157
80,0.047951686082300375
81,0.04802303506835298
82,0.04807962427864997
83,0.04768112752876149
84,0.047685794428271505
85,0.04760340078918932
86,0.04749541089456612
87,0.047453737152047544
88,0.04734658630481112
89,0.04724052145201056
90,0.047135487983028634
91,0.04717955395686799
92,0.04749740781855787
93,0.047462167446829906
94,0.047413193414701175
95,0.047312197055315405
96,0.04741355202262266
97,0.04705321854278923
98,0.0469576111373802
99,0.047056445108729604
100,0.047169731236033095
101,0.04707113709681345
102,0.047113141421756995
103,0.04707710534455076
104,0.04719827747982121
105,0.04689182715702396
106,0.047010212448628574
107,0.04684888036749609
108,0.04702467343461019
109,0.046935440776332354
110,0.046981901816737566
111,0.047145814679522745
112,0.04726392089449711
113,0.0474261316283306
114,0.04733795347147418
115,0.04729680933464223
116,0.04721006548997815
117,0.04712456923622924
118,0.047040254184349366
119,0.047081915208568366
120,0.04700455851763344
121,0.047145050508417906
122,0.04684609620024462
123,0.04698443169816015
124,0.046857925601309545
125,0.04661407915984268
126,0.04674777340290184
127,0.04678265983353552
128,0.04682533813950916
129,0.04705236695396404
130,0.04714546168226008
131,0.04690835165241039
132,0.047112669117669634
133,0.04704320605527849
134,0.047079633848587925
135,0.047191571479794595
136,0.04712043402937408
137,0.04705043893601471
138,0.047084891646824334
139,0.04711937567136864
140,0.04739093220888231
141,0.047153933001577684
142,0.047093031478475614
143,0.04728478610266346
144,0.047220195196486875
145,0.047249725533989616
146,0.047343765431707235
147,0.04721632796915331
148,0.04746365680705192
149,0.04725031761940605
150,0.04719156421367818
151,0.04727080271562348
152,0.04707188421980857
153,0.04715527256320899
154,0.04695601229261508
155,0.04703694332526468
156,0.046919908846916186
157,0.04713487264919259
158,0.04695010251792458
159,0.04689022533711977
160,0.0468368666565183
161,0.046996015100889146
162,0.046942339945906915
163,0.04688946338898556
164,0.04691080404087328
165,0.04704763547588999
166,0.04699769885994148
167,0.04701792730021481
168,0.046970098977833864
169,0.04704119967937004
170,0.04705760869580375
171,0.04701072785429483
172,0.047138627066996355
173,0.04709228044926138
174,0.04710703782531289
175,0.047062615655774534
176,0.047112731917504556
177,0.04706769919346418
178,0.047081316136964
179,0.04703917620891634
180,0.04699760335049807
181,0.046956659648910715
182,0.04691620096601606
183,0.04687641440377308
184,0.04683717414169596
185,0.04679847964673685
186,0.04676029986645191
187,0.046722662093219326
188,0.04668553005023382
189,0.04664898084227342
190,0.04661293813230422
191,0.04657738025103194
192,0.04661647608497729
193,0.046506278242509906
194,0.04654437963200064
195,0.04643741658864877
196,0.046474637609655756
197,0.04637066741199352
198,0.04640705229069751
199,0.04630593268785817
200,0.04634159035168779
201,0.04630837850883649
202,0.04621204855293633
203,0.04624611087813556
204,0.04625798596613234
205,0.04622889447692638
206,0.04623930650279642
207,0.046267368757757
208,0.046239003275061405
209,0.046211169389164586
210,0.04618364353888095
211,0.04615654556673223
212,0.04612987833989348
213,0.04610359729110011
214,0.04611279292820165
215,0.04608777995903764
216,0.04606317183214019
217,0.04609287424215999
218,0.04606773951240123
219,0.04604304160139947
220,0.046018778392895816
221,0.04599485974639463
222,0.04597128164202261
223,0.04594815570009628
224,0.045925355435778886
225,0.04590287916869737
226,0.04588076343479303
227,0.04585903690536865
228,0.04583762167648484
229,0.045816558476788206
230,0.04579579947480502
231,0.04577539409749592
232,0.0457552230439316
233,0.04573542440324299
234,0.04571594441110322
235,0.04569678250110696
236,0.045677837515652825
237,0.045659210269028944
238,0.04564088726534138
239,0.04562288040029577
240,0.04560509760452148
241,0.0455876022847429
242,0.04557036421484111
243,0.04555344917715933
244,0.0455367326649885
245,0.04554471686051096
246,0.045528895791190176
247,0.045513304730560866
248,0.04549799026307226
249,0.04548292630083429
250,0.04546810007431747
251,0.0454535157194373
252,0.04543919517085529
253,0.04542504187310652
254,0.04541110047818317
255,0.045397367871751505
256,0.04541491134813651
257,0.04537028734309551
258,0.04538755415896258
259,0.045373653892564994
260,0.04533114371498437
261,0.04534751391187549
262,0.04533422890549096
263,0.045293754063104874
264,0.04530933435038232
265,0.04529675726229447
266,0.04525813354083743
267,0.045272987338606845
268,0.04526092988134375
269,0.04522409522099993
270,0.04523830997297922
271,0.04522679527588608
272,0.04519165443698279
273,0.04520521772120003
274,0.04519423924771567
275,0.0451607205288616
276,0.04517365532318274
277,0.04516321188615014
278,0.04513120893030786
279,0.04514355529815172
280,0.04513360368713247
281,0.04510303065001678
282,0.04511489613178128
283,0.045105368806905924
284,0.045076109207748113
285,0.04508751734840469
286,0.045091197437917195
287,0.04508268366409585
288,0.04507426934101087
289,0.04506605127359926
290,0.045057913390001675
291,0.04504996253455876
292,0.04504209672599339
293,0.04503433183895257
294,0.04502673777214323
295,0.04501924119144977
296,0.04501183521023426
297,0.045004578226899655
298,0.04499742876221904
299,0.04499035573822673
300,0.04498340701617193
301,0.04497659436773318
302,0.044969888446846594
303,0.04496326359841101
304,0.04495670692428039
305,0.044950320615242116
306,0.04494403126643588
307,0.044937833167540915
308,0.04493171734480152
309,0.04492565257577763
310,0.0449197350888519
311,0.044922012989394196
312,0.04490826797838777
313,0.044910609100579445
314,0.044905083968142905
315,0.04489957735611078
316,0.044894170771854425
317,0.04488880670456311
318,0.04489572520592796
319,0.04489050621528944
320,0.04488533125587333
321,0.04488026352361582
322,0.044875258432819885
323,0.04487033404741221
324,0.04486555680856467
325,0.044860775715791626
326,0.04485606607562752
327,0.04485152313994686
328,0.044846987375505985
329,0.04484249531912307
330,0.044838111555406776
331,0.04483382380880917
332,0.044829513923748614
333,0.04482537507533263
334,0.044821240256230035
335,0.04481715102626297
336,0.04481321213683352
337,0.04480924599398023
338,0.04480542567803357
339,0.044801588154260594
340,0.04479780776873201
341,0.044794152800153454
342,0.04479050610411482
343,0.04478692929794003
344,0.04478343324310397
345,0.04477995717606973
346,0.044776581470273996
347,0.044773242265494985
348,0.044769939052005214
349,0.04476666695416684
350,0.04476344261060242
351,0.044760396931162225
352,0.044757223312178844
353,0.04475424635837463
354,0.044751186851256834
355,0.04474828143071276
356,0.04474531277612699
357,0.04474247794878932
358,0.04473969945445275
359,0.044736927941154976
360,0.0447342572405409
361,0.044731481990311295
362,0.04472889892573361
363,0.044726279310103007
364,0.044723695274800634
365,0.044721256632832454
366,0.044718695348442104
367,0.04471629886329771
368,0.04471393523988529
369,0.04471148230457822
370,0.044709203076453354
371,0.04470694658961386
372,0.04470469089402543
373,0.04470249625775091
374,0.04470030836155041
375,0.04469817536793506
376,0.0446960751162036
377,0.04469397222602334
378,0.044691943705234174
379,0.04468993716238914
380,0.04468798350344281
381,0.04468597612128808
382,0.04468413525684856
383,0.04468225964974875
384,0.04468033312863181
385,0.04467845129592416
386,0.04467672122551355
387,0.0446750139369098
388,0.04467318762610189
389,0.04467148742704199
390,0.044669796534715436
391,0.04466819582788351
392,0.04466647086239671
393,0.04466487730734606
394,0.04466333550028652
395,0.044661869611986614
396,0.0446602010102465
397,0.044658722072721826
398,0.04465726976557515
399,0.04465586335968393
400,0.04465438653603017
401,0.04465293610727456
402,0.0446515497769444
403,0.04465020230578748
404,0.04464893564671421
405,0.044647506969825675
406,0.04464622720652887
407,0.04464489657331843
408,0.04464364984813027
409,0.04464243541979858
410,0.04464118326294015
411,0.04463996927870306
412,0.04463880730088418
413,0.044637667396641635
414,0.04463648045784794
415,0.04463541040839538
416,0.044634147057159006
417,0.04463308572665436
418,0.04463201416656375
419,0.04463097524735181
420,0.044630016786723924
421,0.04462899512571032
422,0.044627905484566535
423,0.044626855939322224
424,0.044625868939030436
425,0.044624915852611406
426,0.04462398930455749
427,0.04462310201697386
428,0.044622266251975906
429,0.04462127113652875
430,0.04462034044942508
431,0.044619482266045035
432,0.04461863413322508
433,0.044617808177337376
434,0.04461697324997005
435,0.044616163846176976
436,0.04461539763119967
437,0.04461448180947441
438,0.04461370277821492
439,0.04461297417639379
440,0.04461228407565684
441,0.044611551194341306
442,0.044610803593576956
443,0.044610105016200136
444,0.04460943593145109
445,0.04460874033975415
446,0.044607886735600635
447,0.04460716682867944
448,0.04460647314085807
449,0.044605824911354244
450,0.04460520661036403
451,0.04460465589139718
452,0.044604123469262284
453,0.04460356271464172
454,0.04460298285859888
455,0.04460241275674213
456,0.0446017167640653
457,0.04460109820341668
458,0.044600463579151366
459,0.04459989533357797
460,0.044599272263178884
461,0.04459872368838077
462,0.04459818381275489
463,0.044597679814204386
464,0.04459718609831702
465,0.04459674130649103
466,0.04459631458538262
467,0.04459592809606618
468,0.044595503055685326
469,0.04459490648564847
470,0.04459441860552686
471,0.04459393141186387
472,0.04459345428545837
473,0.04459297353234246
474,0.044592509960952716
475,0.04459206262194456
476,0.04459164118833052
477,0.044591241452965336
478,0.04459084171185401
479,0.04459046374143397
480,0.04459007956490192
481,0.04458968721909257
482,0.04458931472737533
483,0.044588912586765124
484,0.04458846174716317
485,0.04458800367891597
486,0.044587631918152626
487,0.04458725552704448
488,0.04458695654503595
489,0.04458666248381353
490,0.044586331301401605
491,0.044586016676158836
492,0.04458570782907116
493,0.044585406104735555
494,0.044585116151182984
495,0.04458481904375964
496,0.04458454314176029
497,0.04458424402684427
498,0.04458397236900428
499,0.044583714588318404
500,0.04458346946578389
501,0.04458321264336029
502,0.04458299036067239
503,0.04458274652350109
504,0.044582495972262666
505,0.044582142168954494
506,0.04458176730495791
507,0.04458143491438256
508,0.04458111914931438
509,0.04458078608694427
510,0.04458046577897338
511,0.04458016741293996
512,0.044579876219340335
513,0.04457960830350669
514,0.044579319309475694
515,0.04457905653308001
516,0.044578829122922166
517,0.04457862736381708
518,0.044578440912142143
519,0.044578292447393045
520,0.04457818328922328
521,0.04457806202468092
522,0.04457793570181821
523,0.04457780458898737
524,0.04457768163313934
525,0.04457758825917083
526,0.04457745138802588
527,0.04457731497391367
528,0.04457721516709381
529,0.04457709245675338
530,0.04457695758849299
531,0.0445768137501149
532,0.04457672939976104
533,0.044576606633237155
534,0.04457649179368253
535,0.04457636224531318
536,0.04457624805210612
537,0.04457593300687269
538,0.04457568454389007
539,0.04457544423423361
540,0.044575229249163295
541,0.04457499118333754
542,0.04457471701428473
543,0.04457449398482239
544,0.04457429170088756
545,0.04457405769387081
546,0.044573826113870986
547,0.04457361074291372
548,0.044573443188579774
549,0.044573260569282305
550,0.04457308023791903
551,0.04457291666625772
552,0.04457278838560272
553,0.044572657615226954
554,0.044572519979043046
555,0.04457237972019357
556,0.04457225872916192
557,0.04457215197273912
558,0.04457203737774995
559,0.04457193871412295
560,0.04457183542910617
561,0.04457172095321883
562,0.04457159602554897
563,0.04457147163755928
564,0.04457136691146447
565,0.044571273470333274
566,0.044571161436854315
567,0.04457106796632079
568,0.04457096125182803
569,0.04457088135009727
570,0.04457082264498473
571,0.04457077467395254
572,0.044570707859323495
573,0.04457064050112445
574,0.0445705793860655
575,0.044570511320340206
576,0.04457046037975651
577,0.044570414697414094
578,0.04457036711369605
579,0.04457029457090614
580,0.04457023472768457
581,0.04457019532840908
582,0.044570155250718155
583,0.044570118297995065
584,0.044570102385029176
585,0.044570131512591614
586,0.04457015031676012
587,0.04457016765895146
588,0.04457024959921956
589,0.044570323179896267
590,0.04457035559850318
591,0.04457039873045571
592,0.04457043872434252
593,0.044570483054473864
594,0.04457051559248402
595,0.04457050563628983
596,0.04457051981947958
597,0.04457051499816887
598,0.04457053087370672
599,0.044570553692751556
600,0.044570603429929176
601,0.044570633992612456
602,0.044570676475837574
603,0.04457067481439131
604,0.044570663011594056
605,0.04457058284330206
606,0.044570407166611405
607,0.04457028129955945
608,0.044570165909587955
609,0.04457005478458693
610,0.044569953597891024
611,0.044569853577130024
612,0.0445697499794243
613,0.044569635176389386
614,0.044569503544904035
615,0.04456937549701438
616,0.0445692593600539
617,0.044569138745413135
618,0.044569001208546045
619,0.044568868070993445
620,0.04456875506632339
621,0.04456866106670648
622,0.04456855881016497
623,0.04456847174069247
624,0.0445683949546387
625,0.04456831753448522
626,0.044568227755586026
627,0.04456813253025011
628,0.04456805160989461
629,0.04456795797704194
630,0.044567843435484415
631,0.044567727428884846
632,0.04456762345895792
633,0.04456751665416866
634,0.044567389355058995
635,0.0445672756004989
636,0.04456717562496077
637,0.04456706713996634
638,0.04456696579335795
639,0.04456686895631346
640,0.04456677102022625
641,0.04456666824773539
642,0.04456655023808334
643,0.04456644445256246
644,0.044566336870551684
645,0.044566243038309784
646,0.04456614302984328
647,0.04456604460456919
648,0.04456594704287664
649,0.0445658652075135
650,0.04456577290540549
651,0.04456566702746129
652,0.04456556469906504
653,0.044565484021456006
654,0.0445653931380851
655,0.04456528671800744
656,0.044565180068979644
657,0.04456510541851271
658,0.04456502767794658
659,0.04456495591842283
660,0.04456488945318434
661,0.04456483504469268
662,0.04456478886780902
663,0.04456471098491396
664,0.04456465087423567
665,0.04456460248232664
666,0.04456456525759467
667,0.04456453274341094
668,0.044564498036216274
669,0.044564484097608305
670,0.04456448448511834
671,0.044564497952281575
672,0.04456450707920549
673,0.04456451701036526
674,0.044564523501228394
675,0.04456452709057022
676,0.044564522415357015
677,0.044564523504791745
678,0.0445645183566413
679,0.044564511601399716
680,0.04456450220709368
681,0.04456449014697006
682,0.044564474668135144
683,0.0445644498826415
684,0.044564423587871715
685,0.04456440352844836
686,0.04456438211125668
687,0.044564347390237694
688,0.044564320009130125
689,0.04456430372419373
690,0.04456430109552084
691,0.04456430095940446
692,0.04456431154834811
693,0.044564325030660254
694,0.044564328670430066
695,0.044564332474282056
696,0.04456434122641953
697,0.044564357374549265
698,0.04456437444254661
699,0.04456439269100277
700,0.044564413120175374
701,0.0445644401327277
702,0.044564465728874965
703,0.04456448448739441
704,0.0445645015482837
705,0.044564517531827545
706,0.04456453108982831
707,0.0445645381704731
708,0.044564546577226465
709,0.044564545530309446
710,0.044564547819307056
711,0.04456454021438288
712,0.04456453890282622
713,0.04456453240106781
714,0.04456452383200462
715,0.04456451584113753
716,0.04456450462407352
717,0.04456449431411621
718,0.0445644786289426
719,0.04456446761607181
720,0.04456445808337333
721,0.04456444564292234
722,0.04456443196833835
723,0.04456442005638308
724,0.044564415039647615
725,0.04456440470933628
726,0.04456439406692367
727,0.044564383757022326
728,0.04456437943885342
729,0.04456437560239022
730,0.04456436789886748
731,0.044564362992875826
732,0.04456435916159908
733,0.04456435636847089
734,0.04456435293615915
735,0.04456434565251514
736,0.04456434853267498
737,0.04456434264996997
738,0.044564345756393425
739,0.044564341149984664
740,0.04456433914769709
741,0.04456433508872019
742,0.04456433589347841
743,0.04456433568333383
744,0.04456433724098576
745,0.04456433369919884
746,0.044564331787375684
747,0.044564328268778555
748,0.04456432603763413
749,0.04456432797719922
